3685,4.11,993.06,20.78,0.6740,4.5178,8.6802,-0.7,-0.1,-0.3,-220.5,-81.3,-117.9
3695,4.11,992.97,20.78,0.6943,4.5454,8.6442,-0.6,-0.2,-0.3,-198.9,-107.7,-113.1
3705,4.11,992.87,20.78,0.6716,4.5514,8.6430,-0.6,-0.2,-0.3,-203.7,-90.9,-107.7
3715,4.11,992.75,20.78,0.6333,4.5059,8.6490,-0.7,-0.1,-0.3,-184.5,-66.9,-116.1
3725,4.11,992.73,20.78,0.6943,4.5095,8.6718,-0.4,-0.3,-0.3,-218.1,-93.3,-110.7
3735,4.11,992.62,20.78,0.7027,4.5538,8.6694,-0.3,-0.1,-0.4,-196.5,-86.1,-118.5
3745,4.11,992.58,20.78,0.6847,4.5514,8.6730,-0.2,0.2,-0.5,-208.5,-98.1,-117.9
3755,4.11,992.50,20.78,0.6788,4.5466,8.6694,-0.2,0.2,-0.5,-206.1,-90.9,-109.5
3765,4.11,992.49,20.78,0.6476,4.5550,8.6191,-0.2,0.2,-0.4,-203.7,-86.1,-115.5
3775,4.11,992.42,20.78,0.6201,4.5478,8.6227,-0.4,0.1,-0.4,-186.9,-93.3,-116.1
3785,4.11,992.38,20.78,0.6764,4.5502,8.6658,-0.4,0.0,-0.4,-220.5,-83.7,-115.5
3795,4.11,992.32,20.78,0.6931,4.5466,8.6766,-0.3,0.1,-0.4,-172.5,-95.7,-114.9
3805,4.11,992.30,20.78,0.6261,4.5190,8.6335,-0.3,0.1,-0.4,-201.3,-86.1,-114.3
3815,4.11,992.23,20.78,0.6632,4.5418,8.6766,-0.3,0.0,-0.4,-203.7,-74.1,-110.1
3825,4.11,992.21,20.78,0.6584,4.5394,8.6359,-0.3,-0.1,-0.3,-186.9,-107.7,-102.9
3835,4.11,992.15,20.78,0.6488,4.5418,8.6323,-0.4,-0.1,-0.3,-198.9,-59.7,-116.1
3845,4.11,992.18,20.78,0.6823,4.5514,8.6311,-0.5,-0.3,-0.3,-201.3,-100.5,-109.5
3855,4.11,992.16,20.78,0.6967,4.5394,8.6263,-0.5,-0.3,-0.2,-210.9,-86.1,-107.1
3865,4.11,992.13,20.78,0.6752,4.5466,8.6263,-0.6,-0.2,-0.3,-194.1,-86.1,-110.1
3875,4.11,992.09,20.78,0.6847,4.5202,8.6359,-0.9,-0.3,-0.4,-206.1,-100.5,-113.1
3885,4.11,992.10,20.78,0.6704,4.5478,8.6227,-0.7,-0.3,-0.4,-189.3,-50.1,-113.7
3895,4.11,992.10,20.78,0.6704,4.5585,8.6263,-0.8,-0.3,-0.4,-210.9,-62.1,-114.3
3905,4.11,991.95,20.78,0.6536,4.5083,8.6514,-0.7,-0.3,-0.4,-210.9,-105.3,-106.5
3915,4.11,992.09,20.78,0.6560,4.4999,8.6706,-0.8,-0.5,-0.4,-196.5,-83.7,-108.9
3925,4.11,991.97,20.78,0.6895,4.5382,8.6430,-0.8,-0.6,-0.3,-167.7,-98.1,-107.7
3935,4.11,991.97,20.78,0.6788,4.5298,8.6826,-0.7,-0.5,-0.2,-189.3,-81.3,-109.5
3945,4.11,991.94,20.78,0.6883,4.5047,8.6790,-0.7,-0.5,-0.3,-184.5,-90.9,-110.1
3955,4.11,991.89,20.78,0.6919,4.5214,8.6514,-0.5,-0.5,-0.3,-206.1,-105.3,-109.5
3965,4.11,991.90,20.78,0.6560,4.5047,8.6383,-0.5,-0.4,-0.3,-201.3,-90.9,-113.1
3975,4.11,991.93,20.78,0.6704,4.5095,8.6634,-0.4,-0.4,-0.3,-198.9,-78.9,-107.1
3985,4.11,991.87,20.78,0.7171,4.5346,8.6454,-0.4,-0.2,-0.3,-203.7,-86.1,-118.5
3995,4.11,991.88,20.78,0.7063,4.5047,8.6454,-0.4,-0.3,-0.3,-162.9,-95.7,-118.5
4005,4.11,991.86,20.78,0.6500,4.5023,8.6658,-0.3,-0.3,-0.3,-194.1,-88.5,-122.1
4015,4.11,991.89,20.78,0.6764,4.5310,8.6670,-0.3,-0.2,-0.3,-177.3,-66.9,-101.7
4025,4.11,991.90,20.78,0.7111,4.5334,8.6718,-0.4,-0.2,-0.3,-208.5,-100.5,-118.5
4035,4.11,991.90,20.78,0.7075,4.5119,8.6730,-0.5,-0.1,-0.3,-194.1,-83.7,-120.3
4045,4.11,991.78,20.78,0.7147,4.5370,8.6814,-0.4,-0.1,-0.3,-196.5,-83.7,-114.3
4055,4.11,991.83,20.78,0.6943,4.5334,8.6538,-0.4,-0.2,-0.4,-189.3,-88.5,-111.3
4065,4.11,991.82,20.78,0.6536,4.5167,8.6371,-0.4,-0.3,-0.4,-198.9,-98.1,-117.3
4075,4.11,991.79,20.78,0.6428,4.5155,8.6670,-0.5,-0.3,-0.4,-201.3,-83.7,-119.1
4085,4.11,991.78,20.78,0.6608,4.5226,8.6490,-0.5,-0.3,-0.3,-177.3,-93.3,-114.9
4095,4.11,991.82,20.78,0.7087,4.4819,8.6802,-0.4,-0.3,-0.3,-158.1,-76.5,-113.1
4105,4.11,991.77,20.78,0.7410,4.4795,8.6670,-0.2,-0.2,-0.4,-186.9,-88.5,-119.1
4115,4.11,991.80,20.78,0.7410,4.4795,8.6670,-0.2,-0.2,-0.4,-186.9,-88.5,-119.1
4125,4.11,991.77,20.78,0.7697,4.5466,8.6514,-0.1,-0.1,-0.4,-170.1,-66.9,-110.7
4135,4.11,991.82,20.78,0.7853,4.5214,8.6778,-0.2,-0.0,-0.5,-208.5,-90.9,-117.3
4145,4.11,991.75,20.78,0.7769,4.5346,8.6694,-0.1,0.2,-0.6,-186.9,-88.5,-111.3
4155,4.11,991.71,20.78,0.7171,4.5442,8.6826,-0.1,0.3,-0.7,-191.7,-93.3,-119.1
4165,4.11,991.69,20.78,0.7123,4.5095,8.6490,-0.3,0.4,-0.9,-196.5,-90.9,-112.5
4175,4.11,993.26,21.52,0.7123,4.5095,8.6490,-0.3,0.4,-0.9,-196.5,-90.9,-112.5
4185,4.11,993.36,21.52,0.7063,4.5394,8.6778,-0.2,0.6,-0.9,-220.5,-95.7,-117.9
4195,4.11,993.37,21.52,0.7290,4.5442,8.6790,-0.1,0.7,-0.8,-201.3,-71.7,-116.1
4205,4.11,993.37,21.52,0.7458,4.5250,8.7161,0.1,0.8,-0.9,-177.3,-95.7,-112.5
4215,4.11,993.32,21.52,0.7542,4.5657,8.7424,0.3,1.0,-0.9,-210.9,-95.7,-117.3
4225,4.11,993.29,21.52,0.8559,4.6376,8.6993,0.7,1.2,-1.1,-174.9,-50.1,-119.7
4235,4.11,993.36,21.52,1.0259,4.5550,8.7149,0.9,1.3,-1.4,-194.1,-78.9,-111.3
4245,4.11,993.33,21.52,1.2917,4.4544,8.7065,1.7,1.7,-1.9,-203.7,-88.5,-114.9
4255,4.11,993.22,21.52,1.3767,4.5047,8.7244,2.8,2.8,-2.6,-208.5,-95.7,-118.5
4265,4.11,993.28,21.52,1.2067,4.6328,8.7424,3.6,4.1,-3.6,-184.5,-102.9,-111.9
4275,4.11,993.27,21.52,0.9278,4.8183,8.6837,3.7,4.4,-4.6,-201.3,-76.5,-114.9
4285,4.11,993.25,21.52,0.6883,4.8063,8.6071,2.9,4.1,-5.2,-208.5,-107.7,-111.9
4295,4.11,993.22,21.52,0.5028,4.8399,8.5473,1.9,3.7,-5.6,-203.7,-93.3,-116.1
4305,4.11,993.26,21.52,0.5243,4.6866,8.5413,0.7,3.0,-5.8,-215.7,-83.7,-118.5
4315,4.11,993.20,21.52,0.7314,4.5190,8.6011,-0.0,2.9,-6.2,-208.5,-95.7,-111.9
4325,4.11,993.17,21.52,0.8571,4.4604,8.5628,-0.1,3.4,-7.3,-179.7,-93.3,-108.3
4335,4.11,993.27,21.52,0.7242,4.5023,8.5185,-0.5,3.9,-8.2,-182.1,-102.9,-116.7
4345,4.11,993.18,21.52,0.7171,4.4975,8.5150,-0.8,4.3,-8.6,-213.3,-86.1,-117.3
4355,4.11,993.22,21.52,0.6811,4.5023,8.5604,-1.3,4.3,-8.7,-206.1,-95.7,-114.9
4365,4.11,993.17,21.52,0.4956,4.4903,8.5592,-1.5,4.6,-8.9,-191.7,-81.3,-108.3
4375,4.11,993.21,21.52,0.4154,4.5119,8.5712,-1.3,4.3,-8.7,-191.7,-78.9,-111.9
4385,4.11,993.18,21.52,0.3831,4.4700,8.6119,-1.4,4.0,-8.1,-206.1,-83.7,-115.5
4395,4.11,993.10,21.52,0.1640,4.4927,8.6083,-1.6,4.1,-7.6,-201.3,-98.1,-108.3
4405,4.11,993.13,21.52,-0.0515,4.4975,8.6634,-1.5,3.4,-7.1,-148.5,-86.1,-111.9
4415,4.11,993.20,21.52,-0.0587,4.7716,8.7328,-1.1,2.3,-6.1,-210.9,-86.1,-108.3
4425,4.11,993.16,21.52,0.1915,4.8566,8.5652,-2.3,0.3,-5.1,-182.1,-86.1,-110.7
4435,4.11,993.21,21.52,0.4729,4.5526,8.6526,-3.5,-1.1,-4.3,-182.1,-98.1,-113.7
4445,4.11,993.09,21.52,0.0958,4.6040,8.7161,-3.7,-1.5,-3.3,-150.9,-107.7,-116.1
4455,4.11,993.13,21.52,-0.2059,4.5334,8.5916,-4.4,-2.5,-2.2,-203.7,-50.1,-117.3
4465,4.11,993.18,21.52,-0.0503,4.4592,8.7233,-4.9,-3.6,-0.9,-179.7,-98.1,-105.9
4475,4.11,993.08,21.52,0.0694,4.5131,8.7975,-4.7,-4.1,0.1,-194.1,-86.1,-111.9
4485,4.11,993.09,21.52,0.0970,4.5298,8.6706,-5.4,-4.7,0.5,-172.5,-90.9,-113.7
4495,4.11,993.11,21.52,0.2131,4.2784,8.5569,-6.2,-5.4,0.9,-198.9,-81.3,-111.9
4505,4.11,993.12,21.52,0.1089,4.3012,8.4874,-5.9,-5.7,1.1,-182.1,-98.1,-114.3
4515,4.11,993.08,21.52,0.0335,4.2162,8.4695,-5.8,-6.3,1.4,-198.9,-88.5,-117.3
4525,4.11,993.09,21.52,0.3256,4.0953,8.5030,-5.4,-7.1,1.6,-198.9,-69.3,-113.1
4535,4.11,993.08,21.52,0.5004,3.9636,8.4934,-4.6,-6.9,1.5,-186.9,-81.3,-116.1
4545,4.11,993.06,21.52,0.3388,4.0941,8.5126,-4.0,-6.6,1.2,-196.5,-71.7,-110.7
4555,4.11,993.12,21.52,0.3747,4.5346,8.4886,-4.3,-6.7,1.1,-191.7,-76.5,-119.7
4565,4.11,993.13,21.52,0.6381,4.9153,8.4755,-6.3,-6.5,1.4,-203.7,-74.1,-117.3
4575,4.11,993.14,21.52,0.6644,4.8542,8.5676,-9.3,-5.4,2.0,-189.3,-98.1,-119.7
4585,4.11,993.01,21.52,0.6369,4.5226,8.7161,-10.7,-5.0,2.3,-170.1,-81.3,-114.9
4595,4.11,993.05,21.52,0.6548,4.2952,8.7843,-10.5,-4.8,2.3,-203.7,-90.9,-114.9
4605,4.11,993.12,21.52,0.4657,4.3694,8.7472,-10.4,-4.6,2.3,-184.5,-78.9,-108.3
4615,4.11,993.08,21.52,0.1257,4.4065,8.6837,-10.8,-5.4,2.6,-220.5,-52.5,-114.3
4625,4.11,993.08,21.52,0.2406,4.5430,8.7268,-10.9,-7.0,3.7,-215.7,-69.3,-112.5
4635,4.11,993.07,21.52,0.2442,4.4783,8.6574,-10.6,-8.5,4.5,-210.9,-88.5,-116.1
4645,4.11,993.03,21.52,0.3783,4.3479,8.8573,-10.8,-11.6,6.3,-218.1,-76.5,-118.5
4655,4.11,993.07,21.52,0.4417,4.2521,8.8382,-10.0,-12.9,7.2,-213.3,-76.5,-115.5
4665,4.11,993.07,21.52,0.7865,4.2198,9.0716,-9.4,-14.4,7.9,-201.3,-83.7,-113.7
4675,4.11,993.32,21.64,1.0187,4.2677,9.0022,-6.9,-15.0,7.3,-210.9,-83.7,-117.3
4685,4.11,993.34,21.64,1.2701,4.2461,8.9926,-6.3,-14.7,7.4,-232.5,-88.5,-112.5
4695,4.11,993.37,21.64,1.4317,3.8439,8.9567,-4.7,-13.8,6.4,-201.3,-66.9,-116.7
4705,4.11,993.30,21.64,1.6807,3.5925,8.9531,-2.0,-13.0,5.6,-208.5,-74.1,-117.9
4715,4.11,993.38,21.64,1.5981,3.7086,8.9459,1.6,-11.3,5.3,-184.5,-74.1,-113.1
4725,4.11,993.31,21.64,1.3288,4.0294,9.0010,4.2,-9.1,5.1,-201.3,-71.7,-110.7
4735,4.11,993.29,21.64,1.0558,4.4412,8.8525,5.4,-6.9,4.6,-218.1,-83.7,-113.1
4745,4.11,993.32,21.64,0.8176,4.3395,8.8082,5.2,-6.5,3.6,-220.5,-76.5,-113.1
4755,4.11,993.35,21.64,0.7470,4.3754,8.8430,5.6,-7.3,4.1,-220.5,-88.5,-118.5
4765,4.11,993.21,21.64,0.7075,4.2509,8.8980,6.0,-8.5,4.9,-232.5,-54.9,-120.3
4775,4.11,993.29,21.64,0.7266,4.1060,8.9100,7.2,-10.3,5.9,-213.3,-86.1,-116.1
4785,4.11,993.25,21.64,0.8811,4.1264,8.9974,8.9,-11.1,6.3,-174.9,-86.1,-119.1
4795,4.11,993.30,21.64,0.8416,4.4137,8.9136,10.5,-11.1,6.7,-191.7,-69.3,-100.5
4805,4.11,993.23,21.64,0.8547,4.5945,8.8047,10.6,-11.0,7.3,-198.9,-76.5,-118.5
4815,4.11,993.27,21.64,1.0271,4.5945,8.7640,9.8,-11.2,7.9,-213.3,-98.1,-112.5
4825,4.11,993.22,21.64,1.0175,4.5095,8.7604,8.8,-10.9,8.7,-222.9,-105.3,-113.7
4835,4.11,993.27,21.64,1.0906,4.3898,8.8501,8.6,-10.6,8.8,-194.1,-81.3,-118.5
4845,4.11,993.28,21.64,1.2581,4.4448,8.7735,8.1,-8.7,8.7,-215.7,-98.1,-116.1
4855,4.11,993.33,21.64,1.5000,4.4496,8.7197,7.5,-7.2,8.1,-203.7,-71.7,-113.1
4865,4.12,993.25,21.64,1.7226,4.6112,8.5880,7.1,-5.8,6.9,-220.5,-86.1,-114.3
4875,4.11,993.24,21.64,1.6568,4.7273,8.4802,5.6,-3.6,5.5,-232.5,-78.9,-115.5
4885,4.11,993.19,21.64,1.4964,4.7046,8.4934,4.2,-2.2,4.4,-227.7,-86.1,-117.9
4895,4.11,993.21,21.64,1.2929,4.6663,8.5090,2.9,-2.1,3.9,-242.1,-95.7,-114.9
4905,4.11,993.19,21.64,1.4473,4.4412,8.5449,1.5,-2.8,3.7,-230.1,-100.5,-114.9
4915,4.11,993.19,21.64,1.4437,4.3778,8.6131,0.2,-2.8,5.0,-208.5,-76.5,-119.7
4925,4.11,993.26,21.64,1.3072,4.4149,8.6562,0.8,-1.2,2.7,-225.3,-71.7,-114.3
4935,4.11,993.19,21.64,1.6819,4.2629,8.6418,2.1,0.4,-0.8,-230.1,-86.1,-114.9
4945,4.11,993.29,21.64,1.7609,4.4676,8.5592,2.2,2.9,-2.2,-213.3,-83.7,-114.3
4955,4.11,993.18,21.64,1.6257,4.5825,8.5162,1.8,5.3,-3.9,-213.3,-93.3,-118.5
4965,4.11,993.21,21.64,1.5694,4.4640,8.5461,1.0,7.0,-5.9,-208.5,-81.3,-117.3
4975,4.12,993.23,21.64,1.5969,4.4137,8.5880,0.5,8.4,-7.4,-225.3,-64.5,-107.7
4985,4.12,993.19,21.64,1.5969,4.4137,8.5880,0.5,8.4,-7.4,-225.3,-64.5,-107.7
4995,4.12,993.25,21.64,2.1428,4.4293,8.6167,0.7,11.0,-10.5,-222.9,-86.1,-117.9
5005,4.12,993.22,21.64,2.4576,4.4544,8.5509,0.5,15.6,-15.4,-220.5,-86.1,-106.5
5015,4.12,993.21,21.64,2.4720,4.3191,8.5185,0.0,20.6,-21.5,-198.9,-74.1,-115.5
5025,4.12,993.22,21.64,2.1512,4.4987,8.4036,-0.8,25.4,-26.8,-179.7,-93.3,-111.9
5035,4.12,993.22,21.64,1.1384,4.5933,8.5772,-4.7,25.3,-33.0,-203.7,-95.7,-107.1
5045,4.12,993.16,21.64,0.2454,4.5801,8.8190,-3.4,24.3,-33.3,-222.9,-86.1,-109.5
5055,4.12,993.19,21.64,-0.8715,4.5226,8.9016,5.3,21.7,-31.9,-198.9,-100.5,-114.3
5065,4.12,993.16,21.64,-1.1516,4.7010,8.1295,4.4,13.4,-30.9,-201.3,-83.7,-108.9
5075,4.12,993.11,21.64,-0.4693,4.6160,8.9567,-10.5,12.2,-21.9,-177.3,-83.7,-117.3
5085,4.12,993.20,21.64,0.0874,4.4939,8.8549,-5.1,9.3,-14.0,-215.7,-57.3,-113.1
5095,4.12,993.16,21.64,0.2227,3.9061,8.9028,-3.3,7.9,-12.3,-218.1,-102.9,-114.3
5105,4.12,993.13,21.64,0.2945,3.7230,8.8837,-1.6,6.5,-11.2,-196.5,-62.1,-111.3
5115,4.12,993.16,21.64,0.5710,3.7170,9.2703,2.1,4.1,-10.2,-201.3,-93.3,-110.1
5125,4.12,993.18,21.64,0.3496,3.0837,8.7675,19.9,-1.9,-12.8,-218.1,-95.7,-114.9
5135,4.12,993.14,21.64,0.2765,4.0474,8.7747,20.4,-6.2,-18.7,-198.9,-88.5,-111.9
5145,4.12,993.19,21.64,-0.0539,3.7517,8.2336,16.7,-3.8,-4.7,-220.5,-93.3,-113.1
5155,4.12,993.13,21.64,1.0475,5.4995,8.9244,14.1,-4.3,24.2,-184.5,-102.9,-121.5
5165,4.12,993.16,21.64,1.0870,6.4081,8.2456,17.0,-8.0,-12.3,-208.5,-100.5,-114.9
5175,4.12,993.33,21.73,0.2849,4.7764,8.7819,4.0,-2.6,-17.4,-162.9,-100.5,-110.7
5185,4.12,993.40,21.73,0.2622,4.5310,8.5545,8.2,-1.8,-2.1,-210.9,-98.1,-116.1
5195,4.12,993.44,21.73,0.0874,4.4077,8.8346,8.4,-4.4,-2.6,-174.9,-100.5,-110.1
5205,4.12,993.36,21.73,0.4477,4.3826,8.7783,13.5,-7.0,-0.6,-194.1,-95.7,-114.9
5215,4.12,993.37,21.73,0.6225,4.5849,8.6897,11.6,-7.2,-1.1,-177.3,-98.1,-119.1
5225,4.12,993.31,21.73,0.5854,4.6866,8.8849,13.4,-8.0,-0.4,-186.9,-50.1,-113.1
5235,4.12,993.36,21.73,0.6991,4.5167,8.7951,16.1,-9.3,0.7,-184.5,-107.7,-120.9
5245,4.11,993.31,21.73,0.6141,4.5286,8.7903,16.5,-9.9,0.3,-225.3,-102.9,-114.9
5255,4.11,993.34,21.73,0.7302,4.3814,8.9603,17.3,-11.8,0.2,-196.5,-102.9,-107.1
5265,4.11,993.27,21.73,1.0331,4.3455,8.9675,18.3,-13.2,0.8,-201.3,-100.5,-114.3
5275,4.11,993.27,21.73,0.5650,4.3910,9.3912,22.9,-14.4,-0.8,-203.7,-112.5,-114.9
5285,4.11,993.27,21.73,0.9337,4.7249,9.0309,29.4,-13.0,2.4,-189.3,-122.1,-109.5
5295,4.11,993.33,21.73,0.7937,4.1408,9.3314,27.2,-9.7,2.1,-227.7,-107.7,-113.1
5305,4.11,993.29,21.73,0.9349,4.3670,9.4403,35.1,-8.1,2.4,-201.3,-112.5,-120.9
5315,4.11,993.26,21.73,0.4070,3.9325,9.9060,41.1,-5.8,2.4,-210.9,-112.5,-109.5
5325,4.11,993.30,21.73,-0.1640,4.1120,9.9287,50.8,-7.1,4.7,-227.7,-122.1,-112.5
5335,4.11,993.33,21.73,0.0012,3.7661,10.3178,59.9,-10.5,6.8,-203.7,-105.3,-110.7
5345,4.12,993.28,21.73,0.5507,3.5530,10.6290,72.4,-17.1,7.8,-165.3,-112.5,-120.9
5355,4.11,993.29,21.73,0.8631,2.9868,10.6733,88.3,-27.8,7.1,-194.1,-126.9,-111.9
5365,4.11,993.25,21.73,1.2438,2.7007,10.9223,113.4,-49.2,8.7,-206.1,-122.1,-108.9
5375,4.11,993.31,21.73,0.5243,3.0945,11.3317,141.4,-63.0,10.8,-213.3,-129.3,-108.3
5385,4.11,993.32,21.73,1.6544,2.4720,12.1194,168.7,-69.6,9.9,-213.3,-146.1,-106.5
5395,4.11,993.32,21.73,3.3782,1.7777,13.1046,203.6,-67.6,7.8,-225.3,-153.3,-102.3
5405,4.11,993.30,21.73,3.9540,-0.9876,13.2902,241.0,-43.9,6.2,-215.7,-177.3,-108.9
5415,4.12,993.31,21.73,3.6116,1.1109,12.0608,249.8,-43.0,-7.5,-222.9,-177.3,-104.7
5425,4.11,993.28,21.73,3.5027,9.0297,12.9969,249.6,-42.0,-24.7,-222.9,-186.9,-95.7
5435,4.11,993.38,21.73,1.5191,10.6207,13.8037,249.5,-39.4,-27.5,-251.7,-213.3,-90.9
5445,4.11,993.30,21.73,2.8120,14.5567,13.8313,249.8,-44.8,-25.4,-237.3,-218.1,-90.9
5455,4.11,993.35,21.73,5.1511,15.7658,15.6904,249.8,-44.6,-32.4,-230.1,-251.7,-93.3
5465,4.11,993.35,21.73,6.4931,15.4462,15.0260,249.8,-23.6,-53.7,-232.5,-227.7,-85.5
5475,4.12,993.26,21.73,4.7752,16.0962,13.5296,241.5,15.1,-72.4,-239.7,-254.1,-86.7
5485,4.12,993.32,21.73,0.6452,10.0472,14.4454,199.4,29.8,-76.4,-218.1,-273.3,-82.5
5495,4.11,993.47,21.73,-1.2486,0.4621,19.5067,127.5,-12.3,-71.2,-213.3,-263.7,-79.5
5505,4.11,993.39,21.73,4.3766,11.1342,21.7860,41.5,-31.7,-93.2,-215.7,-273.3,-68.1
5515,4.12,993.35,21.73,6.4631,8.1953,19.0482,-35.1,0.7,-131.5,-210.9,-239.7,-77.1
5525,4.11,993.31,21.73,5.7556,-8.8274,10.1550,-92.2,33.4,-148.1,-215.7,-278.1,-77.7
5535,4.11,993.27,21.73,2.5378,-4.4592,9.5792,-88.7,43.8,-152.1,-201.3,-275.7,-80.1
5545,4.12,993.29,21.73,1.7705,-1.9932,8.9986,-84.3,27.6,-153.2,-191.7,-280.5,-86.7
5555,4.11,993.27,21.73,4.0294,-2.8862,8.0122,-90.6,8.5,-140.0,-167.7,-266.1,-81.3
5565,4.11,993.26,21.73,5.3642,-2.9508,7.7237,-97.7,-0.5,-115.8,-184.5,-256.5,-87.9
5575,4.11,993.27,21.73,4.9847,-2.9161,7.3047,-99.1,-3.7,-87.5,-203.7,-275.7,-83.1
5585,4.11,993.28,21.73,4.1886,-2.8144,7.1766,-98.3,-8.4,-56.5,-179.7,-273.3,-82.5
5595,4.11,993.31,21.73,3.5434,-1.9034,7.5884,-99.5,-16.0,-24.4,-170.1,-258.9,-89.7
5605,4.11,993.27,21.73,3.4512,-0.7733,8.2552,-106.1,-27.0,5.9,-153.3,-263.7,-90.9
5615,4.11,993.24,21.73,3.3148,0.2502,8.6634,-119.9,-35.5,32.9,-167.7,-256.5,-80.7
5625,4.11,993.30,21.73,2.6576,0.4322,8.5760,-138.4,-39.7,56.6,-191.7,-251.7,-93.9
5635,4.11,993.26,21.73,1.9944,-0.1305,8.0253,-155.2,-42.2,75.4,-170.1,-244.5,-89.7
5645,4.11,993.24,21.73,1.3850,-0.6105,7.5561,-166.1,-42.5,88.7,-203.7,-213.3,-90.3
5655,4.11,993.25,21.73,0.5866,-0.3400,7.4866,-171.7,-41.0,97.0,-182.1,-215.7,-87.3
5665,4.11,993.24,21.73,-0.2083,0.6369,7.9332,-176.6,-38.4,99.3,-198.9,-210.9,-90.3
5675,4.11,993.38,21.79,-0.3926,1.8220,8.8106,-184.0,-35.9,95.3,-196.5,-213.3,-96.3
5685,4.11,993.51,21.79,0.2083,3.1711,9.7216,-195.0,-31.2,86.9,-213.3,-201.3,-90.9
5695,4.11,993.40,21.79,0.9002,3.9157,10.3250,-208.6,-19.8,77.4,-232.5,-196.5,-97.5
5705,4.11,993.49,21.79,0.9613,4.3910,10.8098,-220.8,-5.1,68.8,-227.7,-184.5,-99.9
5715,4.11,993.44,21.79,0.4908,5.3343,11.2407,-230.9,4.8,63.2,-215.7,-179.7,-99.9
5725,4.11,993.44,21.79,0.2310,6.2070,11.6693,-239.9,7.5,60.9,-218.1,-150.9,-106.5
5735,4.11,993.44,21.79,0.6225,7.0904,12.0943,-247.9,4.9,60.9,-230.1,-134.1,-110.1
5745,4.11,993.36,21.79,1.4617,7.6495,12.1972,-249.8,3.1,63.5,-218.1,-131.7,-111.3
5755,4.11,993.44,21.79,2.0004,7.5884,12.0153,-249.7,6.2,66.8,-237.3,-105.3,-101.7
5765,4.11,993.34,21.79,1.9261,7.3334,11.6849,-249.7,11.6,70.2,-201.3,-100.5,-114.3
5775,4.11,993.36,21.79,1.7214,7.0844,11.6107,-248.8,15.2,72.3,-232.5,-90.9,-117.9
5785,4.11,993.30,21.79,1.8627,7.3179,12.1709,-238.9,15.6,72.7,-237.3,-71.7,-117.9
5795,4.11,993.37,21.79,2.2613,8.4000,13.2339,-226.4,15.0,72.1,-227.7,-45.3,-110.1
5805,4.11,993.38,21.79,2.4241,9.5792,14.0575,-219.4,15.1,70.8,-215.7,-47.7,-115.5
5815,4.11,993.39,21.79,2.0901,10.1681,14.1545,-215.2,15.5,68.8,-194.1,-28.5,-119.1
5825,4.11,993.32,21.79,1.3874,9.9455,13.2435,-210.0,13.5,64.3,-246.9,-26.1,-119.7
5835,4.11,993.35,21.79,1.0630,9.7360,12.4630,-197.6,6.4,55.2,-203.7,33.9,-113.7
5845,4.11,993.37,21.79,1.0930,11.8872,12.7635,-181.5,-5.7,41.1,-230.1,0.3,-116.7
5855,4.11,993.32,21.79,1.0930,11.8872,12.7635,-181.5,-5.7,41.1,-230.1,0.3,-116.7
5865,4.11,993.23,21.79,1.0415,15.7406,12.7647,-174.6,-21.9,28.9,-213.3,9.9,-113.7
5875,4.11,993.26,21.79,0.7817,17.5459,10.8529,-180.9,-40.8,23.3,-239.7,33.9,-118.5
5885,4.11,993.26,21.79,0.3867,16.2949,7.3633,-186.3,-60.8,19.5,-225.3,50.7,-121.5
5895,4.11,993.24,21.79,-0.6584,14.3999,3.7972,-175.3,-81.1,10.4,-222.9,62.7,-113.1
5905,4.11,993.17,21.79,-2.0494,13.5535,1.2055,-146.1,-103.4,-5.7,-244.5,55.5,-114.9
5915,4.11,993.22,21.79,-2.0590,14.7255,0.1053,-106.0,-122.9,-24.7,-246.9,55.5,-116.1
5925,4.11,993.20,21.79,-0.5866,17.3436,0.4226,-69.5,-126.4,-41.9,-268.5,67.5,-116.1
5935,4.11,993.21,21.79,0.3184,19.7653,1.3850,-47.9,-108.0,-53.6,-254.1,86.7,-105.9
5945,4.11,993.22,21.79,-0.5411,21.1779,1.2641,-40.9,-79.7,-57.2,-273.3,53.1,-114.9
5955,4.11,993.15,21.79,-1.0295,19.4385,-0.3041,-36.7,-55.5,-55.1,-261.3,81.9,-119.1
5965,4.11,993.12,21.79,-0.1963,16.6109,-1.8196,-18.0,-37.4,-53.3,-261.3,69.9,-114.9
5975,4.11,993.20,21.79,0.8775,15.9382,-1.9740,16.9,-20.7,-53.5,-254.1,91.5,-109.5
5985,4.11,993.28,21.79,11.5197,8.7771,0.9337,52.4,19.5,-46.6,-254.1,65.1,-113.7
5995,4.11,993.33,21.79,-0.5495,-5.1439,5.7760,98.1,102.9,-39.1,-270.9,72.3,-114.9
6005,4.11,993.37,21.79,1.4964,1.2749,13.9163,130.5,82.1,-21.5,-237.3,74.7,-114.3
6015,4.11,993.27,21.79,9.0513,-5.6778,16.1548,117.0,73.2,-3.2,-266.1,38.7,-116.1
6025,4.11,993.32,21.79,4.2976,-1.3168,7.9667,135.9,122.7,-5.3,-268.5,65.1,-114.3
6035,4.11,993.24,21.79,-3.5685,2.0782,6.4655,162.8,123.4,-4.0,-246.9,36.3,-107.7
6045,4.11,993.30,21.79,-5.2792,3.6751,10.6135,195.2,98.7,-8.1,-239.7,26.7,-117.9
6055,4.11,993.38,21.79,-5.4300,7.6135,14.5352,201.8,76.1,-24.2,-232.5,24.3,-111.3
6065,4.11,993.34,21.79,-7.8075,10.0580,15.2307,186.7,59.4,-46.8,-237.3,-2.1,-116.1
6075,4.12,993.29,21.79,-4.8327,7.4819,12.6833,171.6,30.5,-55.7,-203.7,-4.5,-114.9
6085,4.11,993.35,21.79,-1.9010,5.2924,10.9965,170.0,14.5,-57.1,-246.9,-21.3,-116.7
6095,4.11,993.27,21.79,4.0019,5.6120,12.9143,173.3,14.0,-59.2,-230.1,-33.3,-116.1
6105,4.11,993.34,21.79,4.8889,7.6135,11.5065,168.9,62.9,-72.5,-232.5,-35.7,-110.1
6115,4.11,993.29,21.79,6.7636,6.7002,9.5612,150.2,74.2,-31.6,-213.3,-42.9,-117.3
6125,4.12,993.31,21.79,-3.7816,15.0990,11.1198,142.4,26.5,32.8,-230.1,-62.1,-119.1
6135,4.11,993.27,21.79,-3.0071,16.3224,12.6007,113.0,14.3,-2.8,-215.7,-71.7,-123.9
6145,4.11,993.35,21.79,2.4289,4.7884,10.0437,59.6,4.3,-19.7,-203.7,-71.7,-118.5
6155,4.11,993.37,21.79,3.0406,3.1663,9.6714,68.1,5.4,-9.7,-232.5,-76.5,-120.9
6165,4.12,993.30,21.79,-1.1851,7.0820,9.7456,62.4,2.4,-9.2,-225.3,-78.9,-116.7
6175,4.12,993.32,21.80,-1.6017,6.0322,9.1985,42.3,-3.3,-7.7,-227.7,-76.5,-111.3
6185,4.11,993.44,21.80,-0.0347,4.8195,9.3721,37.3,-5.7,-4.4,-213.3,-90.9,-111.3
6195,4.11,993.34,21.80,0.5183,5.5438,9.5588,38.7,-6.4,-1.2,-208.5,-81.3,-119.1
6205,4.11,993.38,21.80,-0.5255,6.2189,9.2643,33.0,-4.7,2.9,-218.1,-93.3,-113.1
6215,4.11,993.35,21.80,0.0096,4.5562,9.0058,23.2,-9.5,6.4,-230.1,-88.5,-120.9
6225,4.11,993.35,21.80,1.0247,4.8842,9.2093,23.4,-13.9,8.7,-215.7,-88.5,-119.1
6235,4.11,993.36,21.80,0.7123,4.5454,9.0094,21.5,-10.7,8.0,-210.9,-107.7,-112.5
6245,4.11,993.38,21.80,0.5818,4.6016,8.8896,21.0,-10.0,7.5,-167.7,-64.5,-111.9
6255,4.11,993.35,21.80,0.7015,4.9847,8.9734,20.4,-10.5,7.1,-215.7,-107.7,-114.3
6265,4.11,993.39,21.80,0.6919,4.9763,8.9519,17.7,-9.8,6.9,-230.1,-88.5,-117.3
6275,4.11,993.35,21.80,0.8703,4.9117,8.7723,15.7,-9.8,7.7,-222.9,-93.3,-112.5
6285,4.11,993.32,21.80,0.9301,4.8674,8.7268,13.9,-9.9,8.4,-239.7,-98.1,-110.7
6295,4.11,993.28,21.80,0.8775,4.6388,8.7316,12.0,-9.9,8.2,-210.9,-114.9,-110.7
6305,4.11,993.30,21.80,1.1289,4.5992,8.6873,11.8,-9.6,8.0,-237.3,-98.1,-114.9
6315,4.11,993.29,21.80,1.2821,4.6747,8.6514,11.6,-8.9,7.3,-232.5,-95.7,-113.7
6325,4.11,993.31,21.80,1.4317,4.6256,8.5760,10.8,-7.4,5.9,-234.9,-62.1,-108.9
6335,4.11,993.31,21.80,1.6676,4.6759,8.5365,10.1,-5.4,4.4,-232.5,-98.1,-117.3
6345,4.11,993.26,21.80,1.5921,4.7537,8.4934,9.0,-2.8,2.9,-227.7,-98.1,-108.3
6355,4.11,993.27,21.80,1.2809,4.7381,8.4467,7.5,-0.7,2.1,-222.9,-93.3,-113.1
6365,4.11,993.35,21.80,1.0080,4.7429,8.4575,6.7,-0.2,2.2,-213.3,-90.9,-113.1
6375,4.11,993.30,21.80,1.1049,4.7992,8.4527,7.0,-1.2,1.8,-215.7,-98.1,-105.3
6385,4.11,993.34,21.80,1.1133,4.6998,8.4647,5.9,-0.8,0.7,-234.9,-81.3,-107.7
6395,4.11,993.39,21.80,1.1325,4.6974,8.4707,5.1,-0.1,-0.2,-239.7,-100.5,-116.1
6405,4.11,993.31,21.80,1.1552,4.6615,8.4599,4.4,0.6,-1.8,-222.9,-107.7,-118.5
6415,4.11,993.31,21.80,1.4880,4.6064,8.4575,3.8,1.1,-4.1,-239.7,-81.3,-116.7
6425,4.11,993.30,21.80,1.7286,4.5681,8.4611,4.0,2.9,-5.9,-203.7,-78.9,-111.9
6435,4.11,993.26,21.80,1.6304,4.6316,8.4647,4.5,4.7,-7.7,-222.9,-100.5,-114.3
6445,4.11,993.37,21.80,1.5059,4.6699,8.4766,4.1,6.4,-9.9,-232.5,-86.1,-112.5
6455,4.11,993.31,21.80,1.6855,4.4197,8.6155,3.6,7.7,-12.2,-232.5,-107.7,-114.3
6465,4.11,993.36,21.80,2.0686,4.3742,8.5592,5.5,9.5,-17.5,-218.1,-107.7,-109.5
6475,4.11,993.35,21.80,2.3140,4.3431,8.4934,5.8,10.6,-22.9,-232.5,-107.7,-110.7
6485,4.11,993.28,21.80,1.9944,4.5538,8.5114,6.2,12.4,-27.8,-225.3,-98.1,-111.3
6495,4.11,993.33,21.80,1.4030,4.7704,8.3138,9.2,14.7,-30.4,-232.5,-105.3,-114.3
6505,4.11,993.32,21.80,0.2167,4.5226,8.4647,9.3,18.4,-30.1,-220.5,-100.5,-118.5
6515,4.11,993.34,21.80,0.4417,4.7094,8.4838,11.7,19.6,-24.4,-230.1,-93.3,-109.5
6525,4.11,993.24,21.80,-0.0814,5.0518,8.6586,15.3,12.1,-20.4,-196.5,-93.3,-114.9
6535,4.11,993.21,21.80,-0.5387,4.5119,8.5413,13.1,8.5,-16.8,-222.9,-102.9,-111.9
6545,4.11,993.24,21.80,-0.1712,4.6818,8.7652,12.5,6.7,-14.6,-210.9,-119.7,-117.3
6555,4.11,993.31,21.80,0.6021,5.1643,8.5988,14.2,4.9,-11.5,-198.9,-119.7,-107.1
6565,4.12,993.25,21.80,0.6261,4.9213,8.6179,14.1,2.1,-13.5,-218.1,-100.5,-108.9
6575,4.11,993.29,21.80,0.4717,4.8195,8.6083,14.8,1.4,-13.7,-206.1,-112.5,-111.9
6585,4.11,993.26,21.80,0.6452,4.7345,8.7352,15.5,0.9,-9.3,-189.3,-126.9,-114.3
6595,4.11,993.28,21.80,0.6464,4.6579,8.7819,16.6,1.2,-7.1,-215.7,-119.7,-111.9
6605,4.11,993.23,21.80,0.8607,4.5873,8.7592,18.8,2.1,-8.0,-206.1,-117.3,-112.5
6615,4.11,993.26,21.80,0.0730,4.9189,8.6993,21.7,2.6,-9.4,-198.9,-112.5,-108.3
6625,4.11,993.23,21.80,-0.2179,4.8806,8.6742,24.4,0.2,-6.9,-237.3,-136.5,-115.5
6635,4.11,993.29,21.80,-0.6800,4.9512,8.7855,27.2,-3.1,-5.5,-198.9,-119.7,-115.5
6645,4.11,993.31,21.80,-0.2358,4.7477,9.0177,31.1,-8.8,-0.8,-222.9,-129.3,-108.9
6655,4.11,993.35,21.80,-0.2179,4.3742,9.3062,36.5,-10.4,2.3,-206.1,-126.9,-118.5
6665,4.11,993.23,21.80,0.5495,4.5454,9.3876,42.3,-15.7,3.8,-225.3,-117.3,-111.9
6675,4.11,993.30,21.84,0.7817,4.5382,9.4080,48.9,-16.1,4.1,-184.5,-119.7,-112.5
6685,4.11,993.39,21.84,0.2634,4.3131,9.4224,56.3,-17.4,4.2,-198.9,-114.9,-108.3
6695,4.12,993.35,21.84,0.4369,4.2066,9.4858,63.8,-25.5,5.8,-220.5,-131.7,-108.9
6705,4.11,993.35,21.84,0.2526,4.0857,9.8473,75.3,-34.2,8.4,-215.7,-141.3,-107.1
6715,4.11,993.41,21.84,0.2011,3.7673,10.3860,91.9,-41.3,10.1,-239.7,-146.1,-110.7
6725,4.11,993.39,21.84,0.4405,3.6308,10.6338,118.0,-47.5,6.4,-206.1,-146.1,-109.5
6735,4.11,993.39,21.84,0.4405,3.6308,10.6338,118.0,-47.5,6.4,-206.1,-146.1,-109.5
6745,4.11,993.39,21.84,0.1939,3.6727,10.7942,140.9,-51.3,7.4,-222.9,-148.5,-106.5
6755,4.11,993.38,21.84,0.3699,3.3674,11.7028,161.2,-52.6,12.7,-232.5,-172.5,-102.9
6765,4.11,993.43,21.84,2.5869,2.8156,12.1458,190.3,-47.0,14.1,-215.7,-170.1,-103.5
6775,4.11,993.42,21.84,1.2031,1.9968,12.4055,228.5,-31.2,23.3,-191.7,-201.3,-102.3
6785,4.11,993.38,21.84,1.5538,1.3563,13.4662,249.8,-34.8,24.7,-239.7,-203.7,-103.5
6795,4.11,993.41,21.84,3.4943,1.1600,12.9334,249.8,-34.9,21.2,-225.3,-208.5,-97.5
6805,4.11,993.42,21.84,3.1687,2.4349,12.6018,249.3,-26.5,8.9,-218.1,-210.9,-98.1
6815,4.11,993.36,21.84,4.7609,3.4788,12.2200,249.8,-20.7,-15.2,-256.5,-220.5,-81.3
6825,4.11,993.41,21.84,5.2780,9.2356,13.3836,249.8,-5.0,-31.4,-230.1,-258.9,-89.7
6835,4.11,993.37,21.84,4.6423,16.9282,15.2139,249.7,13.2,-35.9,-237.3,-249.3,-87.3
6845,4.11,993.40,21.84,6.0202,18.8435,13.4781,249.8,32.4,-60.1,-246.9,-270.9,-77.1
6855,4.11,993.39,21.84,10.2567,21.1108,13.0065,249.8,63.2,-92.7,-246.9,-304.5,-68.1
6865,4.11,993.35,21.84,9.8832,19.4421,11.2348,249.8,105.2,-109.9,-215.7,-285.3,-69.3
6875,4.11,993.35,21.84,5.0182,13.6828,10.9463,249.8,132.4,-118.9,-208.5,-309.3,-53.1
6885,4.11,993.32,21.84,0.1724,10.8625,11.0779,249.8,114.6,-113.2,-220.5,-323.7,-47.1
6895,4.11,993.39,21.84,-2.7809,3.6248,9.3517,249.8,54.9,-101.6,-203.7,-316.5,-53.7
6905,4.11,993.45,21.84,-11.5616,0.5902,12.9729,248.2,-43.8,-87.9,-194.1,-323.7,-45.9
6915,4.11,993.41,21.84,-12.2319,17.9158,17.0347,195.2,-213.0,-116.2,-184.5,-321.3,-42.9
6925,4.11,993.46,21.84,9.9682,24.1694,19.1943,83.5,-249.8,-198.9,-208.5,-316.5,-42.9
6935,4.11,993.40,21.84,11.6047,4.3515,16.3643,-32.3,-193.2,-202.2,-146.1,-318.9,-31.5
6945,4.11,993.41,21.84,10.2519,-0.2215,11.4622,-92.1,-144.0,-177.5,-167.7,-309.3,-41.7
6955,4.11,993.33,21.84,12.6414,0.7266,10.3764,-121.6,-107.1,-159.1,-136.5,-302.1,-41.1
6965,4.11,993.33,21.84,8.7891,2.0123,9.5720,-145.5,-49.7,-110.6,-148.5,-333.3,-40.5
6975,4.11,993.30,21.84,6.5505,0.9625,8.4108,-167.8,-21.4,-42.9,-134.1,-328.5,-42.9
6985,4.11,993.38,21.84,6.6882,0.6823,7.5513,-184.3,-9.3,25.6,-155.7,-316.5,-45.9
6995,4.11,993.31,21.84,5.6754,0.7542,7.2424,-202.1,10.1,86.8,-160.5,-338.1,-47.7
7005,4.11,993.38,21.84,4.4640,0.7626,7.3298,-217.6,28.1,129.7,-150.9,-340.5,-49.5
7015,4.11,993.40,21.84,2.9868,1.5059,7.4424,-228.6,42.0,149.8,-117.3,-330.9,-53.7
7025,4.11,993.47,21.84,0.9385,2.4277,7.4914,-241.5,52.1,153.1,-158.1,-316.5,-60.9
7035,4.11,993.33,21.84,-0.4178,3.8942,7.8721,-249.8,55.0,147.4,-191.7,-302.1,-62.1
7045,4.11,993.43,21.84,-1.6149,5.5007,7.9427,-249.8,53.9,135.1,-129.3,-316.5,-65.1
7055,4.11,993.34,21.84,-2.7844,6.5685,8.0481,-249.6,48.3,119.5,-198.9,-309.3,-62.1
7065,4.11,993.37,21.84,-3.4357,7.7380,8.2312,-249.8,36.6,103.0,-174.9,-278.1,-71.7
7075,4.11,993.35,21.84,-3.3136,8.4000,8.1259,-249.8,22.1,85.6,-189.3,-292.5,-77.7
7085,4.11,993.33,21.84,-2.3870,8.1271,7.8302,-249.8,9.2,69.0,-201.3,-242.1,-84.9
7095,4.11,993.36,21.84,-1.2019,7.6327,7.4268,-249.8,3.5,56.1,-194.1,-266.1,-84.9
7105,4.11,993.33,21.84,-0.0862,7.2424,7.1958,-249.8,5.9,46.2,-203.7,-227.7,-77.1
7115,4.11,993.31,21.84,0.6859,7.3538,7.3370,-249.8,11.4,39.6,-213.3,-194.1,-99.9
7125,4.11,993.29,21.84,1.0044,8.3869,8.1953,-249.8,15.7,36.5,-198.9,-203.7,-100.5
7135,4.11,993.31,21.84,0.9014,10.4016,9.5900,-249.8,15.6,37.3,-213.3,-194.1,-102.9
7145,4.11,993.33,21.84,0.5435,12.0332,10.7739,-249.8,10.3,43.3,-206.1,-172.5,-101.7
7155,4.11,993.33,21.84,0.6009,12.2834,11.7423,-249.8,1.0,52.1,-203.7,-153.3,-106.5
7165,4.11,993.35,21.84,1.1325,12.2164,12.6569,-249.8,-10.3,62.1,-203.7,-136.5,-114.9
7175,4.11,993.39,21.86,1.4880,12.7455,13.5847,-249.8,-19.9,73.8,-203.7,-117.3,-112.5
7185,4.11,993.48,21.86,1.6688,14.3388,14.9410,-249.8,-26.9,88.0,-194.1,-102.9,-120.9
7195,4.11,993.45,21.86,1.9285,17.2885,16.4182,-249.8,-30.7,104.9,-213.3,-86.1,-108.9
7205,4.11,993.45,21.86,1.9896,18.7023,16.8707,-249.8,-26.5,121.0,-227.7,-30.9,-120.3
7215,4.11,993.36,21.86,0.3100,16.3536,16.0579,-249.8,-15.5,129.8,-232.5,-40.5,-115.5
7225,4.11,993.47,21.86,-3.1711,15.5599,14.1449,-249.8,-13.5,127.6,-227.7,-11.7,-115.5
7235,4.11,993.29,21.86,-3.3938,17.7051,11.0325,-249.8,-29.3,108.0,-239.7,9.9,-115.5
7245,4.11,993.25,21.86,4.5490,18.9022,6.9444,-249.8,-43.5,66.6,-220.5,31.5,-120.3
7255,4.11,993.31,21.86,4.6328,20.1256,3.0538,-249.8,-17.8,9.5,-230.1,43.5,-121.5
7265,4.11,993.24,21.86,-7.3885,23.3470,-0.6716,-245.6,-7.2,-47.9,-225.3,84.3,-114.9
7275,4.12,993.14,21.86,-13.8540,24.9966,-4.5945,-212.2,-73.1,-98.0,-201.3,79.5,-116.1
7285,4.12,993.20,21.86,-7.0114,24.8374,-7.6997,-156.0,-148.9,-138.6,-249.3,72.3,-116.1
7295,4.11,993.11,21.86,3.5709,24.9918,-8.8226,-100.8,-132.0,-161.5,-239.7,129.9,-106.5
7305,4.11,993.08,21.86,4.7154,25.4467,-7.9487,-50.4,-20.0,-162.5,-225.3,93.9,-116.7
7315,4.11,993.17,21.86,-2.2098,24.7057,-6.1435,-8.1,76.1,-144.7,-268.5,74.7,-116.7
7325,4.11,993.06,21.86,-2.4576,24.6291,-7.2029,42.7,101.7,-117.0,-254.1,81.9,-109.5
7335,4.11,993.26,21.86,-3.5949,-3.3112,-3.8283,117.5,87.1,-101.3,-249.3,84.3,-115.5
7345,4.11,993.44,21.86,-0.1197,7.3753,15.8855,157.9,47.6,-50.6,-239.7,72.3,-120.9
7355,4.11,993.43,21.86,8.6299,-4.5286,21.2054,143.9,50.3,-27.5,-232.5,45.9,-117.3
7365,4.11,993.29,21.86,7.2688,-6.9456,10.8134,144.3,92.0,-22.6,-266.1,72.3,-114.3
7375,4.11,993.27,21.86,-4.4628,-0.8918,6.4152,183.8,91.3,-6.4,-220.5,36.3,-118.5
7385,4.11,993.43,21.86,-5.8861,9.3685,14.3975,235.1,27.7,28.3,-230.1,24.3,-116.1
7395,4.11,993.31,21.86,-4.8231,16.2841,19.4289,230.3,-6.5,31.1,-246.9,9.9,-113.1
7405,4.11,993.32,21.86,-5.0960,8.0577,14.3736,198.7,-15.0,2.1,-242.1,9.9,-119.7
7415,4.11,993.33,21.86,1.5443,7.1323,13.0316,198.4,-29.7,-5.1,-184.5,-9.3,-112.5
7425,4.11,993.37,21.86,8.3917,13.9606,16.9581,179.3,24.2,-12.2,-239.7,-35.7,-122.1
7435,4.11,993.35,21.86,1.9022,5.9843,10.2759,129.8,85.4,-17.3,-227.7,-42.9,-116.7
7445,4.11,993.30,21.86,-3.5985,5.0529,9.5361,134.4,34.8,21.7,-230.1,-38.1,-119.7
7455,4.11,993.32,21.86,0.2131,17.3196,11.7064,144.4,6.6,39.0,-249.3,-52.5,-121.5
7465,4.11,993.26,21.86,4.5119,10.2783,10.6242,102.8,13.4,7.1,-234.9,-47.7,-125.1
7475,4.11,993.37,21.86,2.3463,5.5821,10.5081,90.9,4.8,-5.1,-210.9,-57.3,-115.5
7485,4.12,993.40,21.86,-0.9864,6.7444,10.2005,86.0,2.6,-9.3,-230.1,-62.1,-117.9
7495,4.11,993.26,21.86,-1.2510,5.7389,10.4722,72.6,-3.0,-5.0,-210.9,-64.5,-114.9
7505,4.11,993.37,21.86,0.1448,5.3462,9.1614,72.9,-2.4,-6.1,-220.5,-74.1,-120.3
7515,4.11,993.28,21.86,0.3938,4.9883,9.1626,55.2,-9.0,-6.5,-227.7,-74.1,-113.1
7525,4.11,993.25,21.86,0.0898,5.4013,9.7001,45.2,-10.3,-1.7,-225.3,-78.9,-117.3
7535,4.11,993.29,21.86,0.1532,4.8195,9.3996,38.6,-8.2,-0.3,-220.5,-88.5,-115.5
7545,4.11,993.29,21.86,0.3699,4.3945,9.1997,34.8,-9.1,1.0,-215.7,-86.1,-117.3
7555,4.11,993.27,21.86,0.0706,4.3933,9.2129,33.5,-9.6,2.5,-237.3,-81.3,-115.5
7565,4.11,993.30,21.86,0.2083,4.5801,9.1111,32.5,-11.7,3.6,-244.5,-71.7,-120.3
7575,4.11,993.29,21.86,1.0870,4.1072,8.8968,31.7,-12.7,3.2,-206.1,-102.9,-114.3
7585,4.11,993.23,21.86,1.8555,4.1910,8.8980,32.9,-11.0,1.9,-239.7,-90.9,-111.9
7595,4.11,993.21,21.86,1.3443,4.9572,9.2919,32.3,-8.7,2.5,-225.3,-95.7,-111.3
7605,4.11,993.28,21.86,1.3443,4.9572,9.2919,32.3,-8.7,2.5,-225.3,-95.7,-111.3
7615,4.11,993.34,21.86,0.6692,4.6459,8.8322,27.9,-7.3,2.8,-239.7,-105.3,-108.3
7625,4.11,993.37,21.86,0.7829,4.6555,8.7532,25.8,-8.6,2.7,-242.1,-105.3,-107.7
7635,4.11,993.32,21.86,0.9254,4.6471,8.5042,24.6,-8.2,3.3,-230.1,-102.9,-111.3
7645,4.11,993.35,21.86,1.1552,4.6244,8.4204,22.5,-8.2,4.8,-239.7,-83.7,-106.5
7655,4.11,993.38,21.86,1.7585,4.6160,8.3929,21.9,-7.4,4.1,-230.1,-95.7,-112.5
7665,4.11,993.36,21.86,2.6576,4.4999,8.1965,21.5,0.5,-3.2,-237.3,-119.7,-112.5
7675,4.11,993.37,21.86,2.6576,4.4999,8.1965,21.5,0.5,-3.2,-237.3,-119.7,-112.5
7685,4.11,993.36,21.86,2.6588,4.5238,8.1654,20.9,5.6,-6.6,-234.9,-105.3,-113.7
7695,4.11,993.48,21.86,2.8024,4.3538,8.1247,20.3,11.7,-11.0,-254.1,-98.1,-111.9
7705,4.11,993.36,21.86,2.7677,4.3658,8.0984,20.6,18.0,-16.9,-239.7,-98.1,-105.3
7715,4.11,993.35,21.86,2.5690,4.6076,8.1474,19.4,22.8,-23.7,-208.5,-107.7,-110.1
7725,4.11,993.34,21.86,2.2625,4.9344,8.0912,16.1,27.7,-31.7,-201.3,-102.9,-111.9
7735,4.11,993.42,21.86,1.8292,5.2373,8.3115,11.6,31.0,-41.7,-232.5,-95.7,-114.9
7745,4.11,993.35,21.86,0.4920,4.9751,8.3055,6.6,35.0,-51.8,-227.7,-105.3,-99.9
7755,4.11,993.36,21.86,1.0451,4.5035,8.3007,7.7,35.4,-61.9,-237.3,-71.7,-110.7
7765,4.11,993.31,21.86,1.1229,5.6850,8.0253,9.2,29.5,-52.9,-179.7,-119.7,-119.7
7775,4.11,993.37,21.86,-1.3348,5.3199,8.1941,-2.6,30.4,-48.8,-220.5,-122.1,-113.1
7785,4.11,993.31,21.86,-1.7083,5.8502,8.6347,-3.8,27.7,-45.6,-208.5,-117.3,-116.7
7795,4.11,993.37,21.86,-1.9070,5.2038,8.7616,-4.4,19.3,-26.2,-215.7,-119.7,-116.1
7805,4.11,993.35,21.86,-2.0015,4.7082,8.7089,-0.7,14.0,-14.9,-203.7,-129.3,-114.3
7815,4.11,993.29,21.86,-1.1767,4.6878,8.8657,0.7,9.2,-13.6,-203.7,-110.1,-114.3
7825,4.11,993.34,21.86,0.1784,4.9799,8.3917,3.0,6.2,-11.7,-191.7,-117.3,-108.3
7835,4.11,993.38,21.86,0.3160,4.6016,8.9483,0.0,6.6,-12.6,-201.3,-114.9,-112.5
7845,4.11,993.35,21.86,0.0970,4.3850,8.6263,3.7,5.9,-8.9,-215.7,-117.3,-116.1
7855,4.11,993.31,21.86,0.7578,4.2449,8.7280,5.9,4.3,-7.0,-215.7,-100.5,-118.5
7865,4.11,993.25,21.86,0.6740,4.1779,8.8896,5.8,7.1,-10.5,-189.3,-98.1,-106.5
7875,4.11,993.29,21.86,0.6440,4.4364,8.6335,10.4,6.4,-11.3,-208.5,-122.1,-107.7
7885,4.11,993.27,21.86,0.1077,4.4748,8.7927,11.4,6.1,-16.0,-208.5,-105.3,-108.3
7895,4.11,993.31,21.86,0.6536,4.8447,8.5197,14.8,3.8,-14.9,-203.7,-102.9,-113.7
7905,4.11,993.40,21.86,0.3041,4.1851,9.0872,13.6,5.5,-17.5,-196.5,-126.9,-115.5
7915,4.11,993.33,21.86,-0.4214,4.6076,8.7484,20.7,10.7,-16.6,-213.3,-119.7,-110.7
7925,4.11,993.29,21.86,0.6859,5.1990,8.4455,19.9,6.9,-12.6,-186.9,-124.5,-111.9
7935,4.11,993.30,21.86,0.0156,5.0769,8.5449,18.3,9.6,-11.2,-189.3,-134.1,-119.1
7945,4.11,993.32,21.86,-1.4401,4.6854,8.9088,20.1,5.2,-12.0,-194.1,-129.3,-119.7
7955,4.11,993.27,21.86,-1.5083,5.0793,8.5760,25.7,1.3,-7.9,-213.3,-110.1,-117.3
7965,4.11,993.28,21.86,-0.6093,5.1272,8.9591,27.3,-2.6,-4.7,-210.9,-136.5,-106.5
7975,4.11,993.32,21.86,-0.4585,4.6759,9.2859,30.1,-7.4,0.1,-206.1,-141.3,-114.3
7985,4.11,993.30,21.86,-1.2689,4.1108,9.4583,34.9,-9.8,1.8,-179.7,-134.1,-111.3
7995,4.11,993.31,21.86,-0.8966,4.1048,9.8114,43.1,-17.0,8.1,-191.7,-155.7,-104.1
8005,4.11,993.35,21.86,0.1664,4.2126,9.6989,52.9,-20.3,10.6,-203.7,-148.5,-112.5
8015,4.11,993.29,21.86,0.1006,3.8259,9.9060,66.2,-23.9,14.3,-237.3,-148.5,-111.3
8025,4.11,993.32,21.86,-0.9589,4.1491,9.9982,79.6,-20.0,19.8,-206.1,-141.3,-107.1
8035,4.11,993.33,21.86,-0.4884,3.6368,10.6278,92.9,-25.4,21.3,-220.5,-126.9,-113.7
8045,4.11,993.29,21.86,-0.1844,3.2022,11.0073,117.3,-35.2,22.3,-198.9,-177.3,-108.9
8055,4.11,993.31,21.86,-0.3687,2.9868,11.4682,145.7,-36.9,23.1,-225.3,-153.3,-105.3
8065,4.11,993.33,21.86,0.7889,3.1855,12.1541,174.7,-32.6,25.9,-210.9,-165.3,-106.5
8075,4.11,993.34,21.86,0.4848,2.4852,12.4678,205.8,-16.4,29.7,-225.3,-189.3,-108.3
8085,4.11,993.30,21.86,0.0323,1.6316,13.0555,242.9,-14.5,33.8,-232.5,-170.1,-107.7
8095,4.11,993.31,21.86,2.3475,2.1835,13.0137,249.8,-16.6,33.9,-208.5,-179.7,-96.9
8105,4.11,993.41,21.86,2.4541,2.8048,12.9849,249.5,-13.9,21.4,-203.7,-203.7,-87.9
8115,4.11,993.31,21.86,4.4161,2.0602,12.4103,249.5,-15.8,-4.2,-234.9,-215.7,-98.7
8125,4.12,993.34,21.86,5.2912,4.4783,13.1693,249.8,-6.6,-40.3,-230.1,-246.9,-89.7
8135,4.11,993.28,21.86,4.2102,5.4049,13.8013,249.8,12.9,-68.9,-186.9,-258.9,-86.7
8145,4.11,993.30,21.86,1.6281,18.8327,15.5695,249.8,17.7,-64.7,-194.1,-292.5,-78.9
8155,4.11,993.33,21.86,4.9021,23.9228,16.4457,249.8,22.3,-75.6,-201.3,-304.5,-77.7
8165,4.11,993.34,21.86,8.3952,27.1418,16.6205,249.8,52.3,-104.0,-206.1,-290.1,-63.3
8175,4.11,993.40,21.90,5.9999,25.5090,13.5871,249.8,85.2,-111.6,-198.9,-326.1,-66.9
8185,4.11,993.50,21.90,1.1767,23.8378,13.8456,249.8,95.9,-118.8,-174.9,-328.5,-55.5
8195,4.11,993.47,21.90,-7.5333,5.6240,11.7292,215.0,65.8,-118.0,-191.7,-328.5,-54.9
8205,4.11,993.55,21.90,-11.4203,-3.0442,19.6252,122.7,-49.7,-105.8,-184.5,-335.7,-57.9
8215,4.11,993.51,21.90,1.1899,27.7188,22.7676,22.9,-178.6,-140.0,-174.9,-340.5,-55.5
8225,4.11,993.52,21.90,14.1509,12.4869,20.1795,-98.0,-148.6,-207.8,-134.1,-311.7,-41.7
8235,4.11,993.42,21.90,16.7713,-11.8285,10.3968,-143.0,-54.7,-210.7,-141.3,-328.5,-46.5
8245,4.11,993.45,21.90,11.7938,-8.3593,7.1910,-117.4,21.5,-178.8,-134.1,-333.3,-49.5
8255,4.11,993.41,21.90,5.3151,-2.1787,8.2504,-100.9,45.6,-138.6,-131.7,-323.7,-49.5
8265,4.11,993.39,21.90,2.9796,0.5471,8.3402,-101.1,25.3,-73.5,-93.3,-340.5,-51.9
8275,4.11,993.43,21.90,3.7816,0.5387,7.9930,-115.9,-3.6,4.7,-110.1,-323.7,-54.3
8285,4.11,993.40,21.90,5.1272,1.7274,8.1846,-140.8,-30.2,76.3,-105.3,-321.3,-60.9
8295,4.11,993.34,21.90,5.8789,2.6887,8.1474,-170.4,-41.4,131.8,-129.3,-318.9,-53.7
8305,4.11,993.35,21.90,5.9448,1.9118,7.6746,-194.9,-32.2,169.7,-138.9,-321.3,-62.1
8315,4.11,993.38,21.90,5.2816,1.6604,7.5692,-211.8,-13.4,191.6,-155.7,-311.7,-66.9
8325,4.11,993.38,21.90,3.7457,2.6013,7.7680,-227.6,7.0,200.6,-162.9,-297.3,-72.3
8335,4.11,993.36,21.90,1.9525,3.9133,7.9116,-245.2,22.2,200.9,-153.3,-280.5,-62.7
8345,4.11,993.37,21.90,0.3424,4.4400,7.5453,-249.8,31.1,195.4,-167.7,-292.5,-74.7
8355,4.11,993.35,21.90,-1.0355,4.1252,7.0030,-249.7,34.4,185.7,-184.5,-280.5,-79.5
8365,4.11,993.37,21.90,-2.2745,4.0737,6.6786,-249.6,32.6,172.5,-182.1,-246.9,-77.1
8375,4.11,993.40,21.90,-3.1436,4.3862,6.4105,-249.8,28.2,156.6,-215.7,-270.9,-87.9
8385,4.11,993.34,21.90,-3.3543,4.3467,6.2943,-249.8,22.9,134.9,-206.1,-242.1,-92.1
8395,4.11,993.31,21.90,-2.5319,4.7884,6.7720,-249.8,16.0,107.0,-215.7,-230.1,-92.7
8405,4.11,993.37,21.90,-1.0379,6.3805,7.9080,-249.8,12.9,78.5,-222.9,-203.7,-95.7
8415,4.11,993.31,21.90,-0.0982,8.2636,9.2596,-249.8,17.4,54.4,-210.9,-194.1,-105.9
8425,4.11,993.39,21.90,-0.0730,9.3457,9.9790,-249.8,23.4,37.8,-230.1,-179.7,-100.5
8435,4.11,993.37,21.90,0.0826,8.9315,10.1897,-249.8,25.5,27.6,-218.1,-167.7,-105.3
8445,4.11,993.33,21.90,0.5997,7.9164,10.3513,-249.8,23.4,21.1,-234.9,-153.3,-108.3
8455,4.11,993.41,21.90,0.8894,7.6147,10.7799,-249.8,19.9,18.2,-220.5,-100.5,-103.5
8465,4.11,993.38,21.90,1.1971,8.2899,11.7902,-249.8,14.8,19.3,-230.1,-112.5,-120.3
8475,4.11,993.36,21.90,1.1971,8.2899,11.7902,-249.8,14.8,19.3,-230.1,-112.5,-120.3
8485,4.11,993.47,21.90,1.5407,9.1111,13.1358,-249.8,10.8,24.3,-227.7,-119.7,-118.5
8495,4.11,993.43,21.90,1.5646,9.6965,14.2538,-249.8,10.2,32.0,-220.5,-93.3,-115.5
8505,4.11,993.34,21.90,1.5538,10.3286,15.3791,-249.8,10.9,39.0,-230.1,-59.7,-114.9
8515,4.11,993.42,21.90,1.4557,11.5041,16.5726,-249.8,11.2,41.9,-244.5,-54.9,-119.7
8525,4.11,993.34,21.90,0.4764,13.0496,17.3543,-249.8,10.3,38.6,-218.1,-35.7,-121.5
8535,4.11,993.38,21.90,-0.6237,14.9948,17.4585,-249.8,2.6,28.1,-225.3,-16.5,-121.5
8545,4.11,993.40,21.90,-0.5555,16.6085,16.4912,-249.8,-12.7,11.4,-213.3,7.5,-113.7
8555,4.11,993.34,21.90,0.7590,16.8001,14.3412,-249.8,-27.8,-7.5,-239.7,9.9,-113.1
8565,4.11,993.27,21.90,2.7234,16.2207,11.2982,-249.8,-36.3,-22.7,-232.5,43.5,-117.9
8575,4.11,993.29,21.90,2.9413,15.9717,7.6902,-249.8,-37.5,-31.5,-218.1,77.1,-120.9
8585,4.11,993.18,21.90,0.4322,16.6660,4.0989,-243.0,-45.6,-34.5,-234.9,79.5,-122.7
8595,4.11,993.20,21.90,-2.5977,18.9261,1.4724,-203.3,-74.2,-34.3,-201.3,86.7,-126.3
8605,4.11,993.18,21.90,-4.1827,21.9368,-0.5495,-160.2,-115.6,-32.4,-230.1,96.3,-106.5
8615,4.11,993.13,21.90,-3.4476,23.5014,-2.3631,-128.3,-146.0,-30.5,-244.5,103.5,-115.5
8625,4.11,993.19,21.90,-1.9046,23.3207,-3.8499,-96.9,-142.7,-30.1,-256.5,125.1,-120.3
8635,4.11,993.18,21.90,-0.9589,22.5569,-4.4137,-58.2,-99.8,-32.6,-256.5,101.1,-107.1
8645,4.11,993.17,21.90,-1.1672,22.6395,-3.8834,-15.6,-32.6,-40.0,-280.5,93.9,-113.7
8655,4.12,993.18,21.90,-2.5570,22.4097,-2.9305,21.0,26.9,-52.1,-244.5,105.9,-115.5
8665,4.11,993.19,21.90,-3.2262,21.5502,-1.6364,52.8,53.4,-65.1,-254.1,115.5,-113.1
8675,4.11,993.21,21.91,-0.7937,2.2841,5.3810,77.3,51.4,-65.0,-270.9,79.5,-106.5
8685,4.11,993.46,21.91,2.9089,-4.8650,12.0153,112.8,9.9,-37.5,-270.9,96.3,-111.9
8695,4.11,993.47,21.91,9.6857,-2.1895,16.4350,115.1,12.0,-7.7,-230.1,93.9,-113.1
8705,4.11,993.39,21.91,13.6122,-12.3708,10.1155,107.1,75.1,20.4,-268.5,81.9,-112.5
8715,4.11,993.31,21.91,0.7913,-3.4417,4.0977,154.7,120.0,42.9,-246.9,69.9,-112.5
8725,4.11,993.38,21.91,-7.9308,4.3814,10.4016,208.7,94.8,50.4,-201.3,72.3,-108.9
8735,4.11,993.52,21.91,-10.1849,9.0501,15.5994,222.2,52.3,29.4,-232.5,60.3,-119.7
8745,4.12,993.40,21.91,-10.4686,3.7242,16.2398,226.9,25.8,-16.5,-227.7,31.5,-122.1
8755,4.11,993.33,21.91,-6.6355,4.8219,13.2686,244.3,-0.2,-50.5,-237.3,21.9,-119.7
8765,4.11,993.37,21.91,-0.0467,8.0182,12.3229,249.8,-23.5,-52.8,-237.3,-2.1,-122.7
8775,4.11,993.40,21.91,7.5692,11.3461,16.1117,246.0,-25.1,-42.3,-208.5,-21.3,-117.3
8785,4.11,993.40,21.91,11.2850,16.2973,15.8244,204.4,74.3,-47.8,-222.9,-18.9,-114.9
8795,4.11,993.41,21.91,5.5318,9.4942,9.3948,156.9,89.9,-22.9,-261.3,-42.9,-116.1
8805,4.11,993.37,21.91,1.6903,8.6359,9.8306,159.8,59.3,-3.5,-206.1,-50.1,-116.7
8815,4.11,993.39,21.91,-1.5586,12.2427,10.7643,157.6,27.7,-4.6,-230.1,-52.5,-113.1
8825,4.11,993.32,21.91,1.4509,5.6395,10.1358,134.5,29.5,-32.1,-189.3,-66.9,-119.1
8835,4.11,993.30,21.91,2.8647,6.7049,10.7104,141.4,11.6,-36.4,-232.5,-74.1,-121.5
8845,4.11,993.34,21.91,0.6464,5.6671,10.5835,127.7,17.5,-42.5,-225.3,-64.5,-111.3
8855,4.12,993.42,21.91,-0.9768,6.3458,10.0915,125.2,17.5,-44.9,-222.9,-93.3,-121.5
8865,4.11,993.30,21.91,-1.9585,7.2975,9.7982,110.9,23.5,-52.6,-213.3,-95.7,-119.7
8875,4.11,993.39,21.91,-1.7490,6.5505,8.9148,83.0,35.6,-47.4,-242.1,-90.9,-113.1
8885,4.11,993.33,21.91,0.2394,6.6044,9.4439,57.7,29.2,-32.5,-201.3,-95.7,-120.3
8895,4.11,993.33,21.91,-0.2167,6.0154,9.2260,39.8,29.6,-21.8,-198.9,-112.5,-120.3
8905,4.11,993.35,21.91,-1.3838,5.5210,9.1614,31.1,20.1,-13.2,-215.7,-90.9,-108.9
8915,4.11,993.28,21.91,-2.0554,5.8634,9.0908,28.2,8.6,-8.5,-201.3,-83.7,-107.7
8925,4.11,993.32,21.91,-1.0606,5.7389,9.0728,22.5,6.3,-6.3,-186.9,-110.1,-106.5
8935,4.11,993.37,21.91,-0.1640,5.7102,8.5305,20.3,3.9,-3.6,-206.1,-98.1,-108.3
8945,4.11,993.37,21.91,-0.4645,5.0518,8.7699,16.2,-2.0,1.4,-208.5,-105.3,-111.9
8955,4.11,993.33,21.91,-0.1808,4.9141,8.8789,17.3,-3.3,3.9,-213.3,-124.5,-111.3
8965,4.11,993.38,21.91,-0.0311,5.0518,8.6502,17.9,-2.9,5.8,-225.3,-114.9,-117.3
8975,4.11,993.34,21.91,0.0658,5.0769,8.5616,16.5,-3.4,7.6,-210.9,-107.7,-105.9
8985,4.11,993.35,21.91,0.1377,5.1607,8.4898,14.7,-3.2,8.0,-215.7,-117.3,-108.9
8995,4.11,993.34,21.91,0.3807,5.1786,8.3869,13.5,-3.2,7.5,-215.7,-105.3,-112.5
9005,4.11,993.32,21.91,1.0534,5.1344,8.2696,11.5,-2.3,7.9,-222.9,-117.3,-114.9
9015,4.11,993.35,21.91,1.5838,5.0158,8.3186,8.9,0.4,6.5,-208.5,-131.7,-114.9
9025,4.11,993.30,21.91,1.6293,5.0793,8.2552,7.9,4.3,3.1,-196.5,-117.3,-109.5
9035,4.11,993.43,21.91,1.4114,5.1032,8.1415,6.7,8.8,-0.8,-210.9,-95.7,-111.3
9045,4.11,993.31,21.91,1.2570,4.9572,8.2624,5.6,12.4,-5.6,-203.7,-105.3,-117.3
9055,4.11,993.36,21.91,1.0235,4.8506,8.3964,6.8,14.9,-10.6,-234.9,-124.5,-111.9
9065,4.11,993.31,21.91,0.5447,5.0470,8.1881,8.7,15.0,-12.8,-220.5,-124.5,-105.9
9075,4.11,993.36,21.91,0.5758,4.9189,8.3474,8.0,17.2,-11.9,-170.1,-114.9,-110.7
9085,4.11,993.38,21.91,0.5734,5.0889,8.2552,7.8,16.9,-13.6,-210.9,-136.5,-110.7
9095,4.11,993.32,21.91,-0.4226,4.9249,8.3665,7.5,13.9,-16.0,-194.1,-112.5,-116.7
9105,4.11,993.28,21.91,0.2550,5.3319,8.1510,9.0,12.5,-15.8,-191.7,-119.7,-117.9
9115,4.11,993.29,21.91,-0.1820,5.0877,8.2588,7.0,10.6,-15.3,-203.7,-122.1,-113.1
9125,4.11,993.34,21.91,-0.0072,5.1643,8.2540,6.9,8.7,-17.3,-201.3,-117.3,-110.1
9135,4.11,993.26,21.91,0.3328,5.0889,8.3510,5.8,4.3,-15.2,-203.7,-95.7,-119.1
9145,4.11,993.25,21.91,-0.1209,4.8626,8.4587,5.5,4.3,-12.1,-201.3,-136.5,-113.1
9155,4.11,993.35,21.91,0.0754,4.9464,8.3809,5.7,3.7,-10.4,-189.3,-110.1,-101.1
9165,4.11,993.37,21.91,-0.8882,4.8566,8.4958,5.1,5.1,-13.3,-218.1,-122.1,-105.3
9175,4.11,993.37,21.91,-0.1137,4.5574,8.3150,4.7,16.0,-18.0,-189.3,-122.1,-114.3
9185,4.11,993.32,21.91,0.5339,4.8997,8.3342,7.2,10.6,-18.0,-194.1,-138.9,-116.1
9195,4.11,993.42,21.91,-0.5531,5.0673,8.4395,8.6,1.9,-11.5,-213.3,-122.1,-119.1
9205,4.11,993.33,21.91,-0.1700,4.9811,8.3749,8.9,4.9,-12.2,-208.5,-136.5,-116.7
9215,4.11,993.33,21.91,0.3555,4.7656,8.5449,9.4,3.6,-11.7,-184.5,-126.9,-110.7
9225,4.11,993.34,21.91,0.3017,4.7369,8.5880,9.8,5.1,-12.3,-167.7,-138.9,-111.9
9235,4.11,993.33,21.91,0.2322,4.8099,8.8082,12.2,2.6,-13.9,-186.9,-136.5,-115.5
9245,4.12,993.33,21.91,0.3699,4.6807,8.6311,16.0,3.4,-12.4,-186.9,-124.5,-114.9
9255,4.11,993.30,21.91,-0.4154,4.6663,8.8932,18.7,2.9,-15.6,-198.9,-143.7,-120.9
9265,4.11,993.30,21.91,-0.7374,4.9201,8.8106,23.0,-1.5,-17.1,-182.1,-129.3,-117.9
9275,4.11,993.37,21.91,-1.2629,4.9739,8.7209,26.7,-2.2,-13.7,-167.7,-124.5,-110.7
9285,4.11,993.32,21.91,-1.0630,5.0111,8.5461,29.8,-4.2,-9.2,-194.1,-138.9,-113.1
9295,4.11,993.42,21.91,-2.2086,4.6699,8.9303,31.6,-3.6,-0.8,-208.5,-141.3,-112.5
9305,4.11,993.34,21.91,-1.7370,4.3538,9.2979,38.1,-5.5,7.7,-194.1,-148.5,-111.9
9315,4.11,993.36,21.91,-1.2570,4.3957,9.3960,46.9,-3.2,13.5,-172.5,-146.1,-112.5
9325,4.11,993.28,21.91,-0.9278,4.1946,9.7384,55.1,-1.6,16.9,-194.1,-143.7,-113.7
9335,4.11,993.24,21.91,-0.9289,3.9995,10.3453,67.3,-5.5,20.7,-194.1,-148.5,-113.1
9345,4.11,993.33,21.91,-0.9289,3.9995,10.3453,67.3,-5.5,20.7,-194.1,-148.5,-113.1
9355,4.11,993.37,21.91,-1.4461,3.6607,10.5919,85.6,-11.0,23.8,-191.7,-155.7,-105.3
9365,4.11,993.34,21.91,-0.6979,3.5482,10.7930,110.3,-18.8,27.6,-191.7,-148.5,-110.1
9375,4.11,993.36,21.91,-0.7218,3.4943,11.2970,132.6,-24.0,34.0,-196.5,-153.3,-115.5
9385,4.11,993.33,21.91,0.2322,3.5925,11.6514,156.4,-20.9,38.4,-186.9,-141.3,-112.5
9395,4.11,993.37,21.91,-0.6021,2.9173,11.9027,186.8,-16.4,41.6,-220.5,-186.9,-108.3
9405,4.12,993.34,21.91,-0.8284,2.2565,13.1370,222.1,-21.2,45.8,-227.7,-191.7,-109.5
9415,4.11,993.43,21.91,0.9541,1.9070,12.9251,249.8,-34.0,50.4,-215.7,-201.3,-101.1
9425,4.11,993.33,21.91,0.6608,2.6037,13.1070,249.8,-47.5,39.6,-215.7,-218.1,-102.3
9435,4.11,993.31,21.91,1.0558,1.8316,12.6449,249.2,-62.1,29.2,-177.3,-225.3,-98.1
9445,4.11,993.30,21.91,2.8144,4.6807,13.4817,249.7,-68.6,15.5,-225.3,-237.3,-90.9
9455,4.11,993.35,21.91,2.8802,4.2856,14.0527,249.8,-70.0,-10.0,-189.3,-258.9,-87.9
9465,4.12,993.28,21.91,5.5366,11.3880,16.9461,249.8,-53.6,-22.3,-215.7,-282.9,-77.7
9475,4.11,993.35,21.91,5.4564,19.2936,15.6580,249.8,-3.0,-31.1,-222.9,-287.7,-77.1
9485,4.11,993.36,21.91,7.2724,23.7528,14.8081,249.8,40.6,-56.3,-213.3,-304.5,-61.5
9495,4.11,993.32,21.91,9.5492,27.6230,14.6214,249.8,82.6,-90.6,-210.9,-311.7,-64.5
9505,4.11,993.42,21.91,5.4181,26.0656,13.8744,249.8,120.0,-95.8,-232.5,-316.5,-54.3
9515,4.11,993.32,21.91,0.7123,18.8974,15.0870,249.8,107.7,-76.9,-215.7,-340.5,-46.5
9525,4.11,993.36,21.91,0.9337,-1.3515,10.3501,237.5,62.5,-70.7,-206.1,-318.9,-51.9
9535,4.11,993.41,21.91,-8.5940,-1.1492,13.4650,194.7,9.9,-69.0,-206.1,-316.5,-47.7
9545,4.11,993.43,21.91,-5.1834,37.2094,21.2437,114.4,-114.5,-65.8,-201.3,-309.3,-41.7
9555,4.11,993.35,21.91,7.6973,14.3879,20.2322,-44.9,-152.1,-99.8,-179.7,-335.7,-41.1
9565,4.11,993.33,21.91,9.3326,-3.5949,11.2443,-118.6,-111.1,-101.5,-174.9,-342.9,-47.1
9575,4.11,993.28,21.91,10.6590,-5.2565,7.2520,-128.7,-79.5,-87.2,-165.3,-330.9,-40.5
9585,4.11,993.34,21.91,9.8282,-3.2118,5.7544,-124.1,-42.6,-84.1,-162.9,-321.3,-47.7
9595,4.11,993.23,21.91,6.4464,-0.8128,5.5078,-119.8,-5.0,-69.3,-158.1,-326.1,-44.1
9605,4.11,993.27,21.91,4.6555,-0.0192,5.5318,-121.4,12.1,-42.8,-143.7,-335.7,-45.9
9615,4.11,993.20,21.91,4.2605,0.8044,5.5581,-130.7,13.5,-11.3,-122.1,-326.1,-50.7
9625,4.11,993.30,21.91,3.5709,1.8316,5.9759,-150.7,15.0,22.2,-155.7,-326.1,-52.5
9635,4.11,993.21,21.91,2.9892,2.4373,6.5757,-176.3,16.5,52.3,-143.7,-333.3,-56.1
9645,4.11,993.31,21.91,2.9257,2.7437,6.9025,-200.5,19.4,75.6,-131.7,-330.9,-54.9
9655,4.11,993.31,21.91,2.7246,2.9999,7.1132,-222.8,27.6,91.4,-170.1,-328.5,-68.1
9665,4.11,993.28,21.91,2.0985,3.7086,7.6064,-243.2,38.8,100.4,-177.3,-321.3,-54.3
9675,4.11,993.36,21.94,0.9170,4.6423,7.8075,-249.8,48.8,103.8,-201.3,-278.1,-69.3
9685,4.11,993.51,21.94,-0.6656,4.7549,7.4687,-249.8,56.1,104.1,-198.9,-306.9,-71.7
9695,4.11,993.45,21.94,-2.0782,4.3072,6.9719,-249.6,55.5,101.1,-206.1,-292.5,-81.3
9705,4.11,993.42,21.94,-2.8850,4.0258,6.5972,-249.8,47.4,93.7,-186.9,-297.3,-89.1
9715,4.11,993.37,21.94,-3.0143,4.1228,6.4751,-249.8,38.0,80.7,-182.1,-278.1,-76.5
9725,4.11,993.36,21.94,-2.8802,4.8470,6.7205,-249.8,30.2,62.4,-203.7,-258.9,-90.3
9735,4.11,993.36,21.94,-2.9413,6.1830,7.3945,-249.8,24.5,40.5,-194.1,-256.5,-99.3
9745,4.11,993.33,21.94,-2.7701,7.7536,8.0050,-249.8,18.2,19.1,-196.5,-220.5,-86.1
9755,4.11,993.43,21.94,-2.0506,8.6861,8.4336,-249.8,12.7,2.7,-203.7,-230.1,-99.3
9765,4.11,993.37,21.94,-1.4952,8.8118,8.7616,-249.8,10.6,-6.8,-194.1,-184.5,-101.1
9775,4.11,993.33,21.94,-0.7458,8.8573,9.0094,-249.8,8.3,-9.0,-198.9,-189.3,-110.7
9785,4.11,993.37,21.94,0.2993,9.0106,9.5648,-249.8,8.0,-5.8,-189.3,-177.3,-99.3
9795,4.11,993.31,21.94,0.4154,9.8366,10.4495,-249.8,10.4,1.8,-222.9,-153.3,-117.3
9805,4.11,993.38,21.94,-0.2538,10.9199,11.2695,-249.8,10.5,11.3,-191.7,-141.3,-114.9
9815,4.11,993.32,21.94,-0.7254,11.4790,11.9638,-249.8,5.0,19.1,-203.7,-114.9,-121.5
9825,4.11,993.34,21.94,-0.8787,11.7016,12.6569,-249.8,-3.6,24.1,-196.5,-81.3,-120.3
9835,4.11,993.44,21.94,-0.6548,12.3002,13.0747,-249.8,-10.9,26.0,-198.9,-69.3,-113.7
9845,4.12,993.35,21.94,-0.3555,13.0927,13.3069,-249.8,-12.5,26.5,-189.3,-57.3,-117.3
9855,4.11,993.41,21.94,-1.2067,13.5559,13.1166,-249.8,-8.8,26.9,-201.3,-38.1,-120.9
9865,4.11,993.38,21.94,-2.2206,13.6242,13.1142,-249.8,-8.0,24.4,-218.1,-26.1,-125.1
9875,4.11,993.41,21.94,-2.8563,13.9821,13.2411,-249.8,-13.1,16.5,-191.7,9.9,-119.1
9885,4.11,993.42,21.94,-2.8156,14.6609,12.6773,-249.8,-21.2,3.2,-220.5,36.3,-114.9
9895,4.11,993.36,21.94,-1.6101,14.8189,11.4299,-249.8,-28.5,-12.9,-196.5,31.5,-114.9
9905,4.12,993.26,21.94,-0.3100,14.6920,9.4331,-249.8,-31.8,-26.9,-206.1,57.9,-124.5
9915,4.11,993.36,21.94,0.4477,14.2479,7.2377,-240.4,-33.2,-32.9,-213.3,69.9,-123.3
9925,4.11,993.27,21.94,0.4262,14.4538,5.6276,-211.9,-37.2,-29.5,-206.1,60.3,-120.3
9935,4.11,993.21,21.94,-0.4322,15.6676,4.3718,-181.2,-47.5,-21.8,-208.5,105.9,-116.7
9945,4.11,993.27,21.94,-1.3036,16.5343,3.1484,-155.1,-64.5,-17.4,-218.1,86.7,-120.3
9955,4.11,993.23,21.94,-1.7861,17.0790,1.5526,-130.6,-83.4,-16.9,-198.9,101.1,-108.3
9965,4.11,993.23,21.94,-0.5938,17.0874,-0.1448,-101.2,-91.8,-12.7,-213.3,117.9,-107.1
9975,4.11,993.15,21.94,0.6883,17.4381,-0.8823,-65.5,-78.2,-5.5,-234.9,101.1,-111.9
9985,4.11,993.26,21.94,-0.1173,18.5586,-0.6835,-29.7,-51.8,1.4,-246.9,122.7,-108.9
9995,4.11,993.18,21.94,-1.2282,19.1260,0.1844,-1.3,-29.9,8.3,-237.3,117.9,-113.7
10005,4.11,993.20,21.94,-1.7573,17.7242,0.7925,19.2,-16.9,13.6,-251.7,105.9,-111.9
10015,4.11,993.16,21.94,-1.8268,15.3743,1.2402,38.8,-8.4,13.0,-258.9,122.7,-101.7
10025,4.11,993.38,21.94,-7.6746,-0.0862,6.5374,58.3,-11.2,2.6,-191.7,115.5,-113.7
10035,4.11,993.34,21.94,0.4106,-4.6184,8.5437,105.3,-74.8,-9.5,-242.1,113.1,-114.9
10045,4.12,993.45,21.94,5.8311,-1.3216,13.8803,111.7,-42.7,-35.9,-266.1,103.5,-113.7
10055,4.12,993.35,21.94,5.9915,-8.9782,10.7799,112.4,29.0,-56.8,-227.7,79.5,-115.5
10065,4.12,993.28,21.94,-0.0491,-3.2633,8.4276,148.0,65.5,-50.7,-249.3,96.3,-114.3
10075,4.11,993.33,21.94,0.4417,5.5653,10.7763,175.9,46.0,-33.1,-215.7,77.1,-115.5
10085,4.11,993.40,21.94,1.4126,5.7568,13.6098,180.8,21.6,-16.8,-266.1,50.7,-119.7
10095,4.11,993.38,21.94,3.3842,3.4776,13.9007,186.2,1.9,-10.9,-220.5,74.7,-118.5
10105,4.11,993.36,21.94,1.8292,2.8706,13.5416,202.2,-2.5,-2.3,-239.7,45.9,-121.5
10115,4.11,993.38,21.94,1.4641,7.2053,13.7882,212.1,-12.1,12.6,-201.3,24.3,-121.5
10125,4.11,993.31,21.94,-1.6185,8.3474,12.8365,203.9,-12.1,9.4,-249.3,24.3,-121.5
10135,4.11,993.39,21.94,-1.9908,4.2329,11.2479,197.7,-12.8,-10.7,-203.7,19.5,-117.9
10145,4.11,993.43,21.94,4.1168,4.9356,12.4331,199.1,-11.8,-26.8,-222.9,-2.1,-121.5
10155,4.11,993.36,21.94,11.5951,9.8413,14.0934,176.7,73.9,-37.1,-251.7,-21.3,-123.3
10165,4.11,993.34,21.94,3.3411,12.6354,10.3992,136.2,94.6,-13.8,-246.9,-18.9,-112.5
10175,4.11,993.32,21.93,-1.4557,10.0437,9.9156,120.9,57.0,6.2,-215.7,-26.1,-114.9
10185,4.11,993.41,21.93,0.9637,7.0593,10.5045,118.6,42.3,-11.0,-232.5,-50.1,-111.9
10195,4.11,993.35,21.93,2.0830,4.8698,9.4439,115.3,19.9,-16.6,-194.1,-30.9,-105.9
10205,4.11,993.43,21.93,2.0183,3.0095,9.4559,118.0,25.6,-25.8,-244.5,-59.7,-122.1
10215,4.11,993.40,21.93,0.5148,4.0366,9.9335,125.8,17.8,-33.2,-213.3,-54.9,-108.9
10225,4.11,993.42,21.93,0.5148,4.0366,9.9335,125.8,17.8,-33.2,-213.3,-54.9,-108.9
10235,4.11,993.42,21.93,0.9445,2.7282,9.5684,138.1,2.6,-43.7,-215.7,-57.3,-114.9
10245,4.11,993.36,21.93,2.3284,3.8032,9.4415,159.2,-6.3,-51.7,-208.5,-74.1,-110.1
10255,4.11,993.43,21.93,-0.0874,6.3422,9.6007,159.9,10.5,-66.7,-218.1,-86.1,-113.1
10265,4.11,993.31,21.93,-0.0946,7.8326,11.1354,127.4,52.3,-75.9,-208.5,-102.9,-110.1
10275,4.11,993.36,21.93,-0.1796,9.9599,8.8705,93.6,51.4,-64.5,-186.9,-88.5,-114.3
10285,4.11,993.36,21.93,-1.8770,8.0984,8.9483,48.6,51.1,-51.8,-184.5,-110.1,-113.7
10295,4.11,993.40,21.93,-2.6863,7.2748,9.4224,37.9,30.0,-23.1,-189.3,-117.3,-113.1
10305,4.11,993.37,21.93,-3.0346,6.3925,9.0776,27.5,18.0,-11.9,-208.5,-117.3,-119.1
10315,4.11,993.35,21.93,-0.2777,5.0972,9.0010,22.3,23.5,-12.2,-186.9,-114.9,-116.1
10325,4.11,993.34,21.93,2.2122,4.4963,8.9950,23.2,16.1,-4.4,-208.5,-129.3,-116.7
10335,4.11,993.37,21.93,-0.5375,5.9340,8.4455,21.7,12.3,-7.8,-167.7,-129.3,-112.5
10345,4.11,993.32,21.93,-0.8978,5.9604,7.8518,15.5,10.9,-6.6,-201.3,-136.5,-117.9
10355,4.11,993.34,21.93,-0.3723,5.3199,7.8865,11.9,8.4,-6.5,-194.1,-110.1,-116.1
10365,4.11,993.34,21.93,-0.4992,5.3869,7.9439,10.2,5.0,-5.5,-225.3,-122.1,-122.1
10375,4.11,993.37,21.93,-0.6979,5.2696,8.2169,8.8,4.4,-2.5,-198.9,-124.5,-113.7
10385,4.11,993.37,21.93,-0.4645,5.0541,8.4683,9.4,2.2,-2.8,-194.1,-124.5,-114.9
10395,4.11,993.34,21.93,0.3364,5.1906,8.4611,9.3,1.5,-2.0,-210.9,-124.5,-111.3
10405,4.11,993.36,21.93,0.2538,5.1164,8.3186,6.8,3.2,-4.5,-189.3,-124.5,-118.5
10415,4.11,993.28,21.93,-0.0587,5.4887,7.9882,5.6,1.3,-6.3,-206.1,-112.5,-114.3
10425,4.11,993.30,21.93,-0.5387,5.5426,7.7512,4.3,1.5,-6.8,-186.9,-129.3,-117.3
10435,4.11,993.31,21.93,-0.5423,5.0649,8.1379,2.6,2.2,-4.7,-189.3,-110.1,-123.3
10445,4.11,993.34,21.93,-0.0970,4.9081,8.3605,3.6,2.1,-3.0,-203.7,-105.3,-113.7
10455,4.11,993.34,21.93,0.1472,4.9428,8.5353,4.8,1.7,-3.2,-186.9,-117.3,-101.1
10465,4.11,993.34,21.93,0.3567,5.0266,8.5892,6.0,1.1,-4.2,-170.1,-126.9,-110.1
10475,4.11,993.33,21.93,0.1377,4.9512,8.5114,5.7,1.2,-5.6,-189.3,-126.9,-111.9
10485,4.11,993.34,21.93,-0.6440,5.1367,8.2911,5.4,2.2,-5.6,-194.1,-124.5,-117.9
10495,4.11,993.41,21.93,-0.3388,5.4288,8.0062,4.1,8.1,-4.0,-191.7,-138.9,-109.5
10505,4.11,993.39,21.93,0.1568,5.3403,8.0373,2.8,6.1,-6.7,-196.5,-124.5,-117.9
10515,4.11,993.31,21.93,-0.5854,5.2289,8.1175,3.8,0.0,-5.0,-148.5,-124.5,-113.1
10525,4.11,993.31,21.93,-0.5088,5.2217,8.2061,3.4,0.5,-3.4,-208.5,-134.1,-120.3
10535,4.11,993.32,21.93,-0.3938,5.2265,8.2731,3.1,0.1,-2.3,-191.7,-138.9,-112.5
10545,4.11,993.32,21.93,-0.4226,5.1451,8.3988,2.9,-0.6,-1.3,-194.1,-134.1,-113.7
10555,4.11,993.30,21.93,-0.1999,5.0817,8.4755,3.4,-1.3,-0.8,-198.9,-131.7,-113.7
10565,4.11,993.35,21.93,-0.1125,5.0374,8.4371,3.8,-1.6,-1.0,-186.9,-131.7,-121.5
10575,4.11,993.27,21.93,-0.2574,5.0745,8.3881,4.0,-1.7,-1.5,-201.3,-129.3,-110.7
10585,4.11,993.26,21.93,-0.3017,5.1571,8.3366,4.0,-2.0,-1.3,-150.9,-143.7,-116.1
10595,4.11,993.28,21.93,-0.3543,5.0793,8.3905,4.4,-2.2,-0.4,-189.3,-117.3,-110.7
10605,4.11,993.29,21.93,-0.3136,5.0984,8.4288,5.2,-2.5,0.4,-208.5,-102.9,-113.1
10615,4.11,993.26,21.93,0.0634,5.2301,8.3641,5.1,-2.7,0.8,-174.9,-131.7,-116.7
10625,4.11,993.32,21.93,0.3304,5.2876,8.2576,4.4,-1.8,-0.0,-184.5,-117.3,-119.7
10635,4.11,993.31,21.93,0.0694,5.3283,8.2157,3.4,-0.5,-1.1,-177.3,-131.7,-110.1
10645,4.11,993.34,21.93,-0.0491,5.4276,8.0936,2.6,0.5,-1.0,-179.7,-124.5,-109.5
10655,4.11,993.30,21.93,-0.0024,5.2936,8.0840,1.6,1.2,-0.3,-208.5,-146.1,-117.9
10665,4.11,993.30,21.93,-0.1867,5.2984,8.0361,0.7,1.1,-0.7,-201.3,-134.1,-118.5
10675,4.12,993.33,21.95,-0.3352,5.3750,8.0541,-0.5,0.3,-0.9,-170.1,-131.7,-114.3
10685,4.12,993.39,21.95,-0.0898,5.5246,7.9858,-1.2,-0.6,0.1,-203.7,-129.3,-113.7
10695,4.11,993.39,21.95,0.3735,5.6479,7.8793,-2.9,-0.4,0.0,-191.7,-141.3,-105.3
10705,4.11,993.36,21.95,0.3041,5.6671,7.9439,-5.6,0.8,-1.5,-167.7,-122.1,-114.3
10715,4.11,993.36,21.95,-0.1867,5.6970,7.9439,-8.0,1.5,-2.7,-182.1,-134.1,-115.5
10725,4.11,993.35,21.95,-0.7242,5.7497,7.8278,-10.5,0.9,-2.3,-206.1,-119.7,-117.3
10735,4.11,993.37,21.95,-0.8918,5.5234,7.8817,-13.3,-0.7,-0.8,-203.7,-131.7,-116.1
10745,4.11,993.35,21.95,-0.4836,4.9787,8.2624,-14.7,-2.5,1.1,-160.5,-112.5,-119.1
10755,4.11,993.36,21.95,0.1532,4.4688,8.8238,-13.7,-3.6,2.9,-196.5,-131.7,-106.5
10765,4.11,993.25,21.95,0.5112,4.3754,9.0273,-10.1,-2.9,3.2,-191.7,-126.9,-110.1
10775,4.11,993.36,21.95,0.1365,4.7034,8.8561,-6.2,-2.0,2.9,-210.9,-155.7,-116.1
10785,4.12,993.31,21.95,-0.2286,4.9644,8.5676,-4.2,-2.6,3.5,-184.5,-129.3,-114.3
10795,4.11,993.26,21.95,-0.3472,5.0350,8.4264,-4.1,-3.7,4.8,-170.1,-124.5,-120.3
10805,4.11,993.34,21.95,-0.2298,4.8985,8.3725,-3.6,-3.9,5.2,-194.1,-129.3,-117.3
10815,4.11,993.32,21.95,-0.2801,4.9500,8.3294,-3.2,-3.5,5.1,-196.5,-112.5,-105.3
10825,4.11,993.31,21.95,-0.5052,5.0266,8.3677,-4.0,-3.3,5.2,-194.1,-117.3,-117.3
10835,4.11,993.33,21.95,-0.4609,5.0913,8.3498,-4.6,-3.3,6.3,-194.1,-134.1,-118.5
10845,4.11,993.31,21.95,-0.2622,5.0649,8.3940,-5.6,-3.0,7.7,-191.7,-107.7,-109.5
10855,4.11,993.33,21.95,-0.0802,5.0745,8.4108,-6.2,-2.3,8.2,-167.7,-148.5,-111.3
10865,4.11,993.31,21.95,0.0431,5.0087,8.3857,-6.6,-2.5,8.6,-191.7,-129.3,-109.5
10875,4.11,993.23,21.95,0.1053,5.0075,8.2719,-7.8,-2.2,8.8,-182.1,-110.1,-115.5
10885,4.11,993.25,21.95,-0.3256,5.1403,8.1618,-8.9,-2.1,8.6,-179.7,-117.3,-114.9
10895,4.11,993.28,21.95,-0.4010,5.1559,8.2564,-9.8,-2.3,9.3,-189.3,-93.3,-110.1
10905,4.11,993.27,21.95,0.2370,5.0290,8.3378,-10.3,-2.8,10.1,-206.1,-119.7,-111.3
10915,4.11,993.26,21.95,1.0223,4.8063,8.5018,-9.8,-2.9,9.4,-172.5,-117.3,-113.7
10925,4.11,993.33,21.95,1.0977,4.7872,8.5377,-8.3,-1.6,6.8,-172.5,-124.5,-108.3
10935,4.11,993.29,21.95,0.5159,4.7393,8.6203,-7.3,-0.6,3.7,-213.3,-119.7,-114.3
10945,4.11,993.19,21.95,0.0694,4.8770,8.4407,-5.7,-0.5,1.9,-206.1,-107.7,-112.5
10955,4.11,993.31,21.95,-0.1317,4.8806,8.4922,-5.1,-0.1,1.4,-182.1,-110.1,-107.1
10965,4.11,993.26,21.95,0.0934,4.8662,8.5126,-4.7,0.5,1.6,-150.9,-124.5,-113.1
10975,4.11,993.27,21.95,0.3160,4.8925,8.4539,-4.2,0.5,1.4,-198.9,-102.9,-119.1
10985,4.11,993.22,21.95,0.4130,4.8578,8.4336,-4.0,0.7,1.0,-206.1,-117.3,-119.7
10995,4.11,993.31,21.95,-0.0754,4.8842,8.4910,-4.0,0.8,0.6,-194.1,-107.7,-96.3
11005,4.11,993.19,21.95,-0.4190,4.9476,8.4946,-4.2,0.8,1.4,-215.7,-100.5,-118.5
11015,4.11,993.23,21.95,-0.2239,4.8387,8.5138,-4.4,0.2,2.8,-203.7,-126.9,-117.3
11025,4.11,993.26,21.95,0.0156,4.8028,8.4635,-4.0,-0.6,3.3,-196.5,-100.5,-111.3
11035,4.11,993.20,21.95,0.7518,4.9081,8.4288,-3.4,-0.7,2.8,-189.3,-114.9,-112.5
11045,4.11,993.26,21.95,1.2246,4.8937,8.4336,-3.7,0.3,0.8,-170.1,-110.1,-110.7
11055,4.11,993.26,21.95,0.2670,4.8614,8.4719,-4.3,2.3,-1.7,-208.5,-110.1,-116.1
11065,4.11,993.23,21.95,-0.5734,4.7848,8.5066,-4.6,2.3,-1.7,-220.5,-100.5,-116.7
11075,4.11,993.31,21.95,-0.7721,4.7908,8.5090,-4.2,0.5,0.2,-201.3,-117.3,-103.5
11085,4.12,993.19,21.95,-0.3675,4.8351,8.4671,-4.1,-0.6,2.1,-194.1,-98.1,-109.5
11095,4.11,993.19,21.95,-0.3675,4.8351,8.4671,-4.1,-0.6,2.1,-194.1,-98.1,-109.5
11105,4.11,993.21,21.95,0.1137,4.7202,8.4551,-4.3,-0.8,3.1,-172.5,-114.9,-111.9
11115,4.11,993.24,21.95,0.2239,4.6244,8.4180,-4.7,-1.2,2.5,-213.3,-117.3,-115.5
11125,4.11,993.21,21.95,0.2670,4.4664,8.5976,-4.5,-1.8,1.8,-215.7,-114.9,-113.7
11135,4.11,993.20,21.95,0.3136,4.5107,8.7699,-3.3,-2.0,1.7,-208.5,-107.7,-110.7
11145,4.11,993.15,21.95,0.6009,4.4879,8.6802,-2.3,-1.2,1.9,-191.7,-105.3,-108.9
11155,4.11,993.18,21.95,0.5076,4.5167,8.6490,-2.0,0.1,1.4,-155.7,-110.1,-119.7
11165,4.11,993.22,21.95,-0.0994,4.7525,8.6035,-2.6,0.9,-0.2,-230.1,-110.1,-109.5
11175,4.11,993.32,22.00,-0.0994,4.7525,8.6035,-2.6,0.9,-0.2,-230.1,-110.1,-109.5
11185,4.11,993.37,22.00,0.1281,4.7273,8.5928,-2.0,0.7,-0.6,-191.7,-100.5,-109.5
11195,4.11,993.33,22.00,0.1556,4.6579,8.5868,-1.2,0.7,-1.1,-208.5,-114.9,-111.9
11205,4.11,993.41,22.00,0.2406,4.5119,8.6670,-0.2,0.9,-0.9,-189.3,-105.3,-108.9
11215,4.11,993.37,22.00,0.1891,4.4771,8.6478,1.3,1.4,-1.1,-210.9,-114.9,-119.1
11225,4.11,993.37,22.00,0.2155,4.7321,8.5425,2.6,1.8,-1.7,-172.5,-112.5,-117.9
11235,4.11,993.37,22.00,0.2239,4.9296,8.4395,2.9,2.1,-2.2,-184.5,-102.9,-116.1
11245,4.12,993.30,22.00,0.1987,4.8650,8.4455,2.8,2.0,-2.3,-198.9,-117.3,-111.9
11255,4.12,993.27,22.00,0.1987,4.7405,8.4671,2.9,2.2,-2.7,-198.9,-100.5,-111.3
11265,4.11,993.27,22.00,0.2717,4.8686,8.4755,2.9,2.7,-3.3,-196.5,-98.1,-107.1
11275,4.11,993.38,22.00,0.2430,4.9560,8.4766,2.2,3.1,-3.9,-194.1,-110.1,-111.3
11285,4.11,993.32,22.00,0.2346,5.0087,8.4515,1.8,3.3,-4.0,-196.5,-107.7,-108.3
11295,4.11,993.29,22.00,0.0227,5.0302,8.4132,1.6,3.5,-4.1,-196.5,-112.5,-108.3
11305,4.11,993.25,22.00,-0.0251,5.0075,8.2707,0.8,3.0,-3.9,-186.9,-110.1,-108.3
11315,4.11,993.30,22.00,-0.2263,4.9356,8.3258,-0.5,2.4,-3.6,-196.5,-105.3,-108.3
11325,4.11,993.35,22.00,-0.3711,4.8674,8.5509,-0.9,1.3,-2.7,-203.7,-98.1,-99.9
11335,4.11,993.26,22.00,-0.1161,4.7776,8.6742,-0.2,0.4,-1.5,-213.3,-95.7,-97.5
11345,4.11,993.30,22.00,0.0862,4.8327,8.6083,0.2,0.1,-0.9,-210.9,-110.1,-100.5
11355,4.11,993.29,22.00,0.1556,4.9237,8.4359,0.1,0.5,-1.0,-218.1,-71.7,-99.9
11365,4.11,993.32,22.00,-0.0096,5.0446,8.2731,-0.8,0.7,-1.4,-198.9,-81.3,-97.5
11375,4.11,993.30,22.00,-0.1879,5.0422,8.2755,-1.9,0.2,-1.1,-213.3,-83.7,-97.5
11385,4.11,993.33,22.00,-0.1891,4.7956,8.5305,-2.6,-0.7,-0.4,-232.5,-74.1,-91.5
11395,4.11,993.21,22.00,-0.0682,4.7740,8.6514,-2.3,-1.3,0.2,-203.7,-62.1,-91.5
11405,4.12,993.20,22.00,0.1604,4.8542,8.5174,-1.6,-1.3,0.5,-234.9,-71.7,-89.1
11415,4.11,993.31,22.00,0.0359,4.7489,8.4814,-1.8,-1.0,0.4,-249.3,-52.5,-84.3
11425,4.11,993.29,22.00,-0.0599,4.5981,8.6538,-1.8,-1.1,0.4,-249.3,-71.7,-80.7
11435,4.11,993.29,22.00,-0.0204,4.5992,8.7113,-0.9,-1.3,0.7,-275.7,-88.5,-84.3
11445,4.11,993.26,22.00,0.1748,4.6938,8.5616,-0.2,-1.2,0.7,-270.9,-54.9,-78.3
11455,4.11,993.29,22.00,0.3100,4.8447,8.4743,-0.3,-0.5,0.2,-280.5,-83.7,-66.9
11465,4.11,993.30,22.00,0.1125,4.8363,8.5257,-0.5,-0.0,-0.3,-299.7,-81.3,-63.9
11475,4.11,993.22,22.00,0.0000,4.7573,8.5796,-0.1,0.0,-0.3,-285.3,-76.5,-60.3
11485,4.11,993.25,22.00,0.1233,4.7860,8.5664,0.3,-0.1,-0.3,-270.9,-86.1,-49.5
11495,4.11,993.19,22.00,0.2454,4.7872,8.5557,0.3,-0.0,-0.5,-278.1,-93.3,-44.7
11505,4.11,993.32,22.00,0.2239,4.8375,8.5018,0.1,0.5,-0.9,-254.1,-88.5,-23.1
11515,4.11,993.21,22.00,-0.0766,4.8614,8.5389,-0.1,0.8,-1.0,-242.1,-102.9,-8.7
11525,4.11,993.21,22.00,0.0491,4.7788,8.5269,-0.0,0.3,-0.6,-242.1,-90.9,-8.1
11535,4.11,993.18,22.00,0.1640,4.7824,8.4910,-0.1,0.5,-0.7,-213.3,-114.9,1.5
11545,4.11,993.17,22.00,0.0934,4.8255,8.5185,-0.3,0.8,-1.2,-215.7,-81.3,18.9
11555,4.11,993.26,22.00,-0.0730,4.8099,8.5389,-0.4,0.9,-1.3,-201.3,-66.9,41.7
11565,4.11,993.21,22.00,-0.1173,4.8195,8.5521,-0.1,0.6,-1.0,-191.7,-54.9,58.5
11575,4.11,993.29,22.00,-0.0383,4.8411,8.5545,0.1,0.1,-0.6,-206.1,-45.3,80.1
11585,4.11,993.22,22.00,0.1053,4.7848,8.4874,0.3,-0.1,-0.3,-170.1,-52.5,108.3
11595,4.11,993.16,22.00,0.1472,4.6519,8.5030,0.6,0.0,-0.5,-146.1,-54.9,135.3
11605,4.11,993.19,22.00,0.2370,4.7489,8.5521,0.7,0.6,-1.1,-129.3,-83.7,163.5
11615,4.11,993.24,22.00,0.1844,4.7824,8.5700,0.7,1.3,-1.6,-117.3,-146.1,183.3
11625,4.11,993.25,22.00,0.0766,4.7944,8.5042,0.6,1.7,-1.9,-100.5,-177.3,201.3
11635,4.11,993.23,22.00,0.0132,4.8710,8.4814,0.4,1.8,-2.1,-83.7,-208.5,239.7
11645,4.11,993.25,22.00,-0.0084,4.8602,8.4958,0.2,1.6,-2.0,-6.9,-194.1,287.1
11655,4.11,993.31,22.00,-0.0395,4.7716,8.5174,0.1,1.3,-1.8,91.5,-172.5,321.9
11665,4.11,993.24,22.00,0.0227,4.7142,8.5664,0.6,1.1,-1.6,233.1,-150.9,363.3
11675,4.11,993.36,22.05,0.0012,4.7525,8.6035,1.1,1.0,-1.6,360.3,-117.3,408.9
11685,4.11,993.37,22.05,0.0407,4.8219,8.5473,1.5,0.9,-1.7,547.5,-131.7,440.7
11695,4.11,993.39,22.05,0.1484,4.8399,8.4766,1.5,1.1,-1.7,696.3,-234.9,480.3
11705,4.11,993.31,22.05,0.0144,4.9249,8.3952,1.2,1.4,-2.1,809.1,-374.1,522.9
11715,4.11,993.37,22.05,-0.0359,4.9141,8.4312,0.7,1.2,-2.1,854.7,-580.5,543.9
11725,4.11,993.37,22.05,-0.1018,4.8351,8.4838,0.5,1.0,-1.9,914.7,-830.1,596.7
11735,4.11,993.27,22.05,-0.0431,4.7812,8.5078,0.2,0.8,-1.8,926.7,-1086.9,616.5
11745,4.11,993.33,22.05,0.0551,4.7992,8.5054,0.1,0.8,-2.0,917.1,-1379.7,645.3
11755,4.11,993.33,22.05,0.1137,4.7788,8.5473,0.2,0.9,-2.1,914.7,-1660.5,662.1
11765,4.11,993.34,22.05,0.1018,4.8016,8.4802,0.5,1.1,-2.5,936.3,-1934.1,669.3
11775,4.11,993.32,22.05,-0.0012,4.8973,8.4252,0.7,1.1,-2.9,1015.5,-2162.1,689.7
11785,4.11,993.29,22.05,-0.1197,4.9296,8.4491,0.2,1.0,-3.0,1101.9,-2390.1,677.7
11795,4.11,993.29,22.05,-0.1963,4.8985,8.4910,-0.3,0.7,-2.6,1243.5,-2574.9,663.3
11805,4.11,993.26,22.05,-0.1856,4.8734,8.5174,-0.4,0.4,-2.0,1394.7,-2735.7,654.3
11815,4.11,993.21,22.05,-0.0826,4.8183,8.5616,-0.6,0.3,-1.4,1567.5,-2946.9,669.3
11825,4.11,993.34,22.05,0.0012,4.7644,8.5700,-0.5,0.2,-1.2,1704.3,-3225.3,698.1
11835,4.11,993.29,22.05,-0.0694,4.7824,8.5377,-0.2,0.3,-1.1,1843.5,-3556.5,731.1
11845,4.11,993.27,22.05,-0.1101,4.8399,8.5185,0.2,0.2,-1.0,1939.5,-3933.3,763.5
11855,4.11,993.26,22.05,-0.0311,4.8183,8.4934,0.3,0.1,-0.9,2013.9,-4262.1,779.7
11865,4.11,993.26,22.05,-0.0299,4.8375,8.5150,0.3,0.1,-1.0,2042.7,-4564.5,767.7
11875,4.11,993.22,22.05,-0.0587,4.8435,8.5389,0.2,0.1,-1.0,2069.1,-4790.1,743.7
11885,4.11,993.26,22.05,-0.0395,4.8734,8.5185,0.2,0.0,-0.9,2191.5,-5046.9,746.7
11895,4.11,993.24,22.05,-0.1245,4.8842,8.4647,-0.0,-0.0,-0.8,2438.7,-5356.5,780.3
11905,4.11,993.23,22.05,-0.0575,4.8566,8.4886,-0.0,-0.3,-0.5,2774.7,-5769.3,843.3
11915,4.11,993.26,22.05,0.0263,4.8123,8.5341,0.2,-0.5,-0.4,3233.1,-6338.1,936.3
11925,4.11,993.23,22.05,0.0431,4.8411,8.5365,0.2,-0.2,-0.6,3686.7,-6954.9,1032.3
11935,4.11,993.28,22.05,0.0132,4.8638,8.4778,0.0,0.0,-0.7,4073.1,-7418.1,1092.9
11945,4.11,993.23,22.05,-0.0275,4.8530,8.5006,0.0,0.0,-0.8,4329.9,-7734.9,1087.5
11955,4.11,993.24,22.05,-0.0563,4.8195,8.5700,-0.1,-0.1,-0.7,4452.3,-7931.7,1040.1
11965,4.12,993.23,22.05,-0.0563,4.8195,8.5700,-0.1,-0.1,-0.7,4452.3,-7931.7,1040.1
11975,4.11,993.21,22.05,0.0072,4.6974,8.5928,0.2,-0.1,-0.6,4476.3,-7946.1,959.1
11985,4.11,993.28,22.05,0.0263,4.6926,8.6155,0.7,0.2,-0.8,4454.7,-7962.9,883.5
11995,4.11,993.22,22.05,0.0838,4.8435,8.5413,1.0,0.5,-1.3,4397.1,-7926.9,804.9
12005,4.12,993.35,22.05,0.1257,4.8638,8.4898,0.7,0.9,-1.7,4286.7,-7830.9,724.5
12015,4.11,993.21,22.05,-0.0263,4.8315,8.5030,0.4,1.0,-2.0,4123.5,-7670.1,629.7
12025,4.11,993.20,22.05,-0.0886,4.8387,8.5461,0.5,0.7,-1.9,3962.7,-7278.9,524.1
12035,4.11,993.25,22.05,-0.1317,4.8219,8.5162,0.7,0.5,-1.5,3890.7,-6767.7,427.5
12045,4.11,993.22,22.05,-0.1185,4.8626,8.4527,0.7,0.4,-1.4,3825.9,-6232.5,353.1
12055,4.11,993.23,22.05,-0.1065,4.8770,8.3893,0.3,0.3,-1.3,3924.3,-5702.1,294.9
12065,4.11,993.28,22.05,-0.1018,4.9715,8.3653,-0.2,0.3,-1.2,4001.1,-5154.9,236.7
12075,4.11,993.21,22.05,-0.0599,4.9416,8.4072,-0.7,0.2,-1.1,4073.1,-4569.3,185.7
12085,4.11,993.19,22.05,-0.0551,4.8925,8.4970,-1.0,0.1,-0.9,4037.1,-4058.1,150.9
12095,4.11,993.19,22.05,0.0251,4.8901,8.5030,-1.0,-0.1,-0.7,3921.9,-3700.5,101.7
12105,4.11,993.22,22.05,0.0718,4.8698,8.4814,-1.0,0.2,-0.6,3741.9,-3455.7,56.7
12115,4.11,993.19,22.05,-0.1257,3.3028,9.1566,17.1,-2.4,-1.0,3547.5,-3462.9,26.7
12125,4.12,993.23,22.05,0.0048,5.0134,8.5868,57.5,-5.7,0.0,3542.7,-3563.7,17.1
